   0.000E+00  5.000E-01  1.000E-30  1.000E-90  0.000E+00  0.000E+00  0.000E+00  0.000E+00  0.000E+00  0.000E+00  0.000E+00
   1.000E+00  1.024E+00  2.813E-30  1.675E-31  5.953E+00  2.806E-30  1.675E-31  5.969E+00  7.384E-33  1.323E-36  0.000E+00
   1.047E+00  1.072E+00  1.000E-30  1.000E-90  0.000E+00  0.000E+00  0.000E+00  0.000E+00  0.000E+00  0.000E+00  0.000E+00
   1.096E+00  1.122E+00  1.000E-30  1.000E-90  0.000E+00  0.000E+00  0.000E+00  0.000E+00  0.000E+00  0.000E+00  0.000E+00
   1.148E+00  1.175E+00  1.000E-30  1.000E-90  0.000E+00  0.000E+00  0.000E+00  0.000E+00  0.000E+00  0.000E+00  0.000E+00
   1.202E+00  1.231E+00  2.281E-28  1.344E-30  5.894E-01  2.276E-28  1.335E-30  5.866E-01  4.480E-31  6.321E-35  0.000E+00
   1.259E+00  1.289E+00  1.000E-30  1.000E-90  0.000E+00  0.000E+00  0.000E+00  0.000E+00  0.000E+00  0.000E+00  0.000E+00
   1.318E+00  1.349E+00  1.000E-30  1.000E-90  0.000E+00  0.000E+00  0.000E+00  0.000E+00  0.000E+00  0.000E+00  0.000E+00
   1.380E+00  1.413E+00  1.000E-30  1.000E-90  0.000E+00  0.000E+00  0.000E+00  0.000E+00  0.000E+00  0.000E+00  0.000E+00
   1.445E+00  1.480E+00  3.243E-29  5.491E-31  1.693E+00  3.233E-29  5.486E-31  1.697E+00  9.868E-32  7.370E-36  0.000E+00
   1.514E+00  1.549E+00  1.000E-30  1.000E-90  0.000E+00  0.000E+00  0.000E+00  0.000E+00  0.000E+00  0.000E+00  0.000E+00
   1.585E+00  1.622E+00  1.000E-30  1.000E-90  0.000E+00  0.000E+00  0.000E+00  0.000E+00  0.000E+00  0.000E+00  0.000E+00
   1.660E+00  1.699E+00  1.000E-30  8.682E-32  1.063E+01  8.131E-31  8.682E-32  1.068E+01  3.870E-33  2.182E-37  0.000E+00
   1.738E+00  1.779E+00  6.091E-27  4.648E-30  7.631E-02  6.057E-27  2.188E-30  3.612E-02  3.451E-29  2.034E-33  0.000E+00
   1.820E+00  1.863E+00  1.000E-30  1.000E-90  0.000E+00  0.000E+00  0.000E+00  0.000E+00  0.000E+00  0.000E+00  0.000E+00
   1.905E+00  1.950E+00  4.253E-30  2.871E-30  6.750E+01  4.253E-30  2.871E-30  6.750E+01  0.000E+00  1.751E-36  0.000E+00
   1.995E+00  2.042E+00  1.587E-29  3.804E-31  2.397E+00  1.580E-29  3.802E-31  2.406E+00  6.804E-32  5.536E-36  0.000E+00
   2.089E+00  2.139E+00  1.000E-30  1.000E-90  0.000E+00  0.000E+00  0.000E+00  0.000E+00  0.000E+00  0.000E+00  0.000E+00
   2.188E+00  2.239E+00  1.000E-30  1.000E-90  0.000E+00  0.000E+00  0.000E+00  0.000E+00  0.000E+00  0.000E+00  0.000E+00
   2.291E+00  2.345E+00  5.869E-27  6.340E-30  1.080E-01  5.842E-27  4.949E-30  8.471E-02  2.657E-29  2.195E-33  0.000E+00
   2.399E+00  2.455E+00  6.363E-30  4.295E-30  6.750E+01  6.363E-30  4.295E-30  6.750E+01  0.000E+00  0.000E+00  0.000E+00
   2.512E+00  2.571E+00  6.508E-30  3.332E-31  5.120E+00  6.485E-30  3.332E-31  5.138E+00  2.300E-32  2.410E-36  0.000E+00
   2.630E+00  2.692E+00  1.000E-30  2.432E-37  5.353E+01  0.000E+00  0.000E+00  0.000E+00  0.000E+00  4.544E-37  0.000E+00
   2.754E+00  2.819E+00  1.000E-30  2.837E-40  6.750E+01  0.000E+00  0.000E+00  0.000E+00  0.000E+00  4.202E-40  0.000E+00
   2.884E+00  2.952E+00  1.538E-27  7.849E-30  5.102E-01  1.529E-27  7.781E-30  5.088E-01  9.119E-30  5.970E-34  0.000E+00
   3.020E+00  3.091E+00  5.927E-30  4.001E-30  6.750E+01  5.927E-30  4.001E-30  6.750E+01  0.000E+00  1.112E-37  0.000E+00
   3.162E+00  3.237E+00  1.000E-30  7.637E-33  6.750E+01  1.131E-32  7.637E-33  6.750E+01  0.000E+00  1.762E-43  0.000E+00
   3.311E+00  3.389E+00  7.701E-30  3.272E-31  4.248E+00  7.695E-30  3.271E-31  4.251E+00  5.604E-33  2.768E-36  0.000E+00
   3.467E+00  3.549E+00  1.000E-30  8.727E-32  6.750E+01  1.293E-31  8.727E-32  6.750E+01  0.000E+00  1.814E-36  0.000E+00
   3.631E+00  3.716E+00  1.801E-27  6.225E-30  3.456E-01  1.790E-27  6.106E-30  3.411E-01  1.121E-29  7.473E-34  0.000E+00
   3.802E+00  3.891E+00  4.065E-30  2.744E-30  6.750E+01  4.065E-30  2.744E-30  6.750E+01  0.000E+00  0.000E+00  0.000E+00
   3.981E+00  4.075E+00  1.000E-30  1.718E-33  6.750E+01  2.545E-33  1.718E-33  6.750E+01  0.000E+00  0.000E+00  0.000E+00
   4.169E+00  4.267E+00  1.000E-30  1.000E-90  0.000E+00  0.000E+00  0.000E+00  0.000E+00  0.000E+00  0.000E+00  0.000E+00
   4.365E+00  4.468E+00  2.295E-28  4.433E-30  1.931E+00  2.280E-28  4.431E-30  1.943E+00  1.496E-30  2.767E-35  0.000E+00
   4.571E+00  4.679E+00  1.000E-30  8.690E-32  6.750E+01  1.287E-31  8.690E-32  6.750E+01  0.000E+00  4.417E-40  0.000E+00
   4.786E+00  4.899E+00  5.878E-29  8.522E-31  1.450E+00  5.829E-29  8.512E-31  1.460E+00  4.846E-31  8.754E-36  0.000E+00
   5.012E+00  5.130E+00  7.042E-30  3.392E-30  4.816E+01  7.042E-30  3.392E-30  4.816E+01  0.000E+00  1.590E-36  0.000E+00
   5.248E+00  5.372E+00  3.544E-28  2.279E-30  6.431E-01  3.482E-28  2.267E-30  6.509E-01  6.102E-30  5.760E-35  0.000E+00
   5.495E+00  5.625E+00  1.000E-30  5.877E-37  6.749E+01  0.000E+00  0.000E+00  0.000E+00  0.000E+00  8.708E-37  0.000E+00
   5.754E+00  5.890E+00  3.853E-29  9.133E-31  2.371E+00  3.815E-29  9.129E-31  2.393E+00  3.786E-31  6.478E-36  0.000E+00
   6.026E+00  6.168E+00  2.428E-28  1.054E-29  4.341E+00  2.405E-28  1.054E-29  4.382E+00  2.340E-30  1.646E-35  0.000E+00
   6.310E+00  6.458E+00  3.371E-25  1.680E-27  4.984E-01  3.348E-25  1.665E-27  4.972E-01  2.308E-27  1.053E-32  0.000E+00
   6.607E+00  6.763E+00  4.011E-28  4.605E-30  1.148E+00  3.982E-28  4.597E-30  1.154E+00  2.845E-30  5.999E-35  0.000E+00
   6.918E+00  7.081E+00  1.434E-25  1.000E-90  0.000E+00  1.424E-25  0.000E+00  0.000E+00  1.033E-27  2.304E-32  0.000E+00
   7.244E+00  7.415E+00  4.682E-27  1.110E-29  2.371E-01  4.648E-27  1.065E-29  2.291E-01  3.438E-29  5.699E-34  0.000E+00
   7.586E+00  7.765E+00  3.426E-30  2.309E-30  6.740E+01  3.426E-30  2.309E-30  6.740E+01  0.000E+00  1.418E-38  0.000E+00
   7.943E+00  8.130E+00  1.000E-30  1.038E-36  6.739E+01  2.404E-39  1.622E-39  6.746E+01  0.000E+00  1.538E-36  0.000E+00
   8.318E+00  8.514E+00  4.630E-30  1.944E-30  4.200E+01  4.630E-30  1.944E-30  4.200E+01  0.000E+00  0.000E+00  0.000E+00
   8.710E+00  8.915E+00  9.064E-25  6.118E-25  6.750E+01  5.429E-31  2.906E-31  5.352E+01  0.000E+00  9.064E-25  0.000E+00
   9.120E+00  9.335E+00  3.540E-30  1.696E-30  4.792E+01  3.540E-30  1.696E-30  4.792E+01  0.000E+00  2.795E-36  0.000E+00
   9.550E+00  9.775E+00  5.180E-30  2.493E-30  4.813E+01  5.180E-30  2.493E-30  4.813E+01  0.000E+00  2.361E-36  0.000E+00
   1.000E+01  1.024E+01  2.640E-30  1.351E-30  5.116E+01  2.640E-30  1.351E-30  5.116E+01  0.000E+00  2.096E-36  0.000E+00
   1.047E+01  1.072E+01  2.541E-30  1.339E-30  5.269E+01  2.541E-30  1.339E-30  5.269E+01  0.000E+00  5.799E-37  0.000E+00
   1.096E+01  1.122E+01  1.048E-27  7.038E-28  6.714E+01  5.554E-30  2.357E-30  4.245E+01  0.000E+00  1.043E-27  0.000E+00
   1.148E+01  1.175E+01  2.306E-23  1.549E-23  6.715E+01  1.183E-25  7.983E-26  6.750E+01  0.000E+00  2.295E-23  0.000E+00
   1.202E+01  1.231E+01  1.096E-30  6.603E-31  6.023E+01  1.096E-30  6.603E-31  6.023E+01  0.000E+00  3.406E-36  0.000E+00
   1.259E+01  1.289E+01  2.412E-22  9.184E-23  3.808E+01  2.230E-26  1.478E-26  6.627E+01  2.411E-22  5.836E-29  0.000E+00
   1.318E+01  1.349E+01  5.499E-17  1.586E-17  2.885E+01  3.649E-30  1.166E-30  3.195E+01  5.480E-17  1.886E-19  0.000E+00
   1.380E+01  1.413E+01  9.734E-14  2.908E-15  2.987E+00  1.161E-22  7.834E-23  6.750E+01  9.734E-14  4.655E-36  0.000E+00
   1.445E+01  1.480E+01  1.218E-18  5.698E-19  4.677E+01  7.467E-19  5.017E-19  6.719E+01  0.000E+00  4.716E-19  0.000E+00
   1.514E+01  1.549E+01  4.206E-25  2.839E-25  6.750E+01  4.206E-25  2.839E-25  6.750E+01  0.000E+00  1.025E-33  0.000E+00
   1.585E+01  1.622E+01  5.750E-19  2.470E-19  4.295E+01  4.840E-24  3.267E-24  6.750E+01  0.000E+00  5.750E-19  0.000E+00
   1.660E+01  1.699E+01  3.373E-17  1.924E-17  5.704E+01  3.217E-17  1.921E-17  5.972E+01  0.000E+00  1.559E-18  0.000E+00
   1.738E+01  1.779E+01  1.096E-20  5.605E-21  5.114E+01  2.873E-21  1.270E-21  4.421E+01  0.000E+00  8.088E-21  0.000E+00
   1.820E+01  1.863E+01  5.374E-18  3.308E-18  6.156E+01  3.890E-19  2.626E-19  6.750E+01  0.000E+00  4.985E-18  0.000E+00
   1.905E+01  1.950E+01  4.574E-15  3.048E-15  6.664E+01  4.516E-15  3.048E-15  6.750E+01  0.000E+00  5.876E-17  0.000E+00
   1.995E+01  2.042E+01  1.454E-15  8.414E-16  5.788E+01  1.390E-15  8.408E-16  6.050E+01  0.000E+00  6.377E-17  0.000E+00
   2.089E+01  2.139E+01  1.559E-15  7.416E-16  4.757E+01  1.509E-15  7.413E-16  4.913E+01  0.000E+00  5.014E-17  0.000E+00
   2.188E+01  2.239E+01  2.050E-17  4.159E-18  2.028E+01  3.899E-20  2.373E-20  6.086E+01  2.265E-30  2.047E-17  0.000E+00
   2.291E+01  2.345E+01  4.900E-14  3.272E-14  6.678E+01  4.888E-14  3.272E-14  6.695E+01  2.495E-20  1.189E-16  0.000E+00
   2.399E+01  2.455E+01  1.373E-14  7.975E-15  5.807E+01  1.356E-14  7.975E-15  5.881E+01  6.404E-19  1.732E-16  0.000E+00
   2.512E+01  2.571E+01  4.614E-14  2.530E-14  5.484E+01  4.614E-14  2.530E-14  5.485E+01  2.493E-20  6.263E-18  0.000E+00
   2.630E+01  2.692E+01  5.862E-13  2.449E-13  4.178E+01  5.857E-13  2.449E-13  4.182E+01  4.672E-16  6.503E-17  0.000E+00
   2.754E+01  2.819E+01  2.663E-12  9.153E-13  3.437E+01  2.654E-12  9.152E-13  3.449E+01  8.980E-15  5.043E-16  0.000E+00
   2.884E+01  2.952E+01  8.253E-12  3.054E-12  3.700E+01  8.241E-12  3.054E-12  3.705E+01  1.206E-14  4.162E-16  0.000E+00
   3.020E+01  3.091E+01  1.276E-11  5.314E-12  4.165E+01  1.274E-11  5.314E-12  4.172E+01  1.948E-14  3.367E-16  0.000E+00
   3.162E+01  3.237E+01  2.328E-11  4.098E-12  1.760E+01  2.320E-11  4.097E-12  1.767E+01  8.788E-14  3.385E-16  0.000E+00
   3.311E+01  3.389E+01  6.970E-11  8.947E-12  1.284E+01  6.897E-11  8.943E-12  1.297E+01  7.340E-13  4.729E-16  0.000E+00
   3.467E+01  3.549E+01  2.023E-10  2.256E-11  1.115E+01  2.017E-10  2.256E-11  1.118E+01  5.641E-13  1.839E-15  0.000E+00
   3.631E+01  3.716E+01  4.584E-10  5.565E-11  1.214E+01  4.557E-10  5.565E-11  1.221E+01  2.756E-12  3.335E-15  0.000E+00
   3.802E+01  3.891E+01  1.205E-09  1.310E-10  1.087E+01  1.199E-09  1.310E-10  1.093E+01  5.682E-12  5.590E-15  0.000E+00
   3.981E+01  4.075E+01  1.624E-09  9.172E-11  5.646E+00  1.615E-09  9.170E-11  5.678E+00  9.356E-12  8.071E-15  0.000E+00
   4.169E+01  4.267E+01  3.322E-09  1.874E-10  5.641E+00  3.301E-09  1.874E-10  5.676E+00  2.100E-11  1.210E-14  0.000E+00
   4.365E+01  4.468E+01  5.038E-09  1.944E-10  3.859E+00  5.009E-09  1.944E-10  3.881E+00  2.912E-11  2.502E-14  0.000E+00
   4.571E+01  4.679E+01  8.874E-09  2.430E-10  2.738E+00  8.821E-09  2.429E-10  2.754E+00  5.336E-11  4.304E-14  0.000E+00
   4.786E+01  4.899E+01  1.446E-08  3.413E-10  2.360E+00  1.438E-08  3.411E-10  2.371E+00  7.776E-11  5.200E-14  0.000E+00
   5.012E+01  5.130E+01  2.179E-08  4.224E-10  1.938E+00  2.167E-08  4.220E-10  1.948E+00  1.232E-10  7.803E-14  0.000E+00
   5.248E+01  5.372E+01  3.631E-08  6.299E-10  1.735E+00  3.611E-08  6.294E-10  1.743E+00  1.948E-10  1.361E-13  0.000E+00
   5.495E+01  5.625E+01  4.755E-08  6.891E-10  1.449E+00  4.726E-08  6.883E-10  1.456E+00  2.869E-10  1.850E-13  0.000E+00
   5.754E+01  5.890E+01  6.989E-08  9.112E-10  1.304E+00  6.949E-08  9.099E-10  1.309E+00  4.002E-10  2.061E-13  0.000E+00
   6.026E+01  6.168E+01  9.865E-08  1.172E-09  1.188E+00  9.808E-08  1.170E-09  1.193E+00  5.651E-10  3.009E-13  0.000E+00
   6.310E+01  6.458E+01  1.298E-07  1.211E-09  9.333E-01  1.290E-07  1.208E-09  9.366E-01  8.169E-10  3.615E-13  0.000E+00
   6.607E+01  6.763E+01  1.676E-07  1.419E-09  8.467E-01  1.665E-07  1.414E-09  8.493E-01  1.056E-09  2.036E-12  0.000E+00
   6.918E+01  7.081E+01  2.219E-07  1.711E-09  7.710E-01  2.207E-07  1.704E-09  7.722E-01  1.223E-09  2.238E-13  0.000E+00
   7.244E+01  7.415E+01  2.794E-07  1.858E-09  6.651E-01  2.780E-07  1.849E-09  6.649E-01  1.384E-09  2.673E-13  0.000E+00
   7.586E+01  7.765E+01  3.407E-07  2.057E-09  6.039E-01  3.391E-07  2.044E-09  6.028E-01  1.556E-09  2.125E-12  0.000E+00
   7.943E+01  8.130E+01  4.047E-07  2.241E-09  5.538E-01  4.030E-07  2.224E-09  5.520E-01  1.761E-09  9.428E-14  0.000E+00
   8.318E+01  8.514E+01  4.916E-07  2.519E-09  5.124E-01  4.887E-07  2.497E-09  5.109E-01  2.877E-09  1.130E-13  0.000E+00
   8.710E+01  8.915E+01  5.791E-07  2.705E-09  4.671E-01  5.758E-07  2.676E-09  4.648E-01  3.337E-09  1.204E-13  0.000E+00
   9.120E+01  9.335E+01  6.590E-07  2.851E-09  4.326E-01  6.551E-07  2.816E-09  4.299E-01  3.979E-09  1.471E-13  0.000E+00
   9.550E+01  9.775E+01  7.650E-07  3.123E-09  4.083E-01  7.604E-07  3.080E-09  4.050E-01  4.524E-09  1.621E-13  0.000E+00
   1.000E+02  1.024E+02  8.876E-07  7.395E-09  8.332E-01  8.821E-07  7.369E-09  8.355E-01  5.478E-09  1.785E-13  0.000E+00
   1.047E+02  1.072E+02  9.999E-07  7.825E-09  7.826E-01  9.938E-07  7.794E-09  7.843E-01  6.065E-09  1.975E-13  0.000E+00
   1.096E+02  1.122E+02  1.081E-06  7.947E-09  7.352E-01  1.074E-06  7.912E-09  7.370E-01  7.372E-09  2.107E-13  0.000E+00
   1.148E+02  1.175E+02  1.213E-06  8.482E-09  6.992E-01  1.204E-06  8.441E-09  7.010E-01  8.896E-09  2.223E-13  0.000E+00
   1.202E+02  1.231E+02  1.323E-06  8.680E-09  6.561E-01  1.277E-06  8.637E-09  6.765E-01  4.616E-08  2.290E-13  0.000E+00
   1.259E+02  1.289E+02  1.350E-06  8.726E-09  6.464E-01  1.349E-06  8.677E-09  6.434E-01  1.133E-09  2.531E-13  0.000E+00
   1.318E+02  1.349E+02  1.451E-06  8.935E-09  6.156E-01  1.445E-06  8.880E-09  6.146E-01  6.672E-09  2.719E-13  0.000E+00
   1.380E+02  1.413E+02  1.537E-06  9.343E-09  6.077E-01  1.537E-06  9.284E-09  6.039E-01  1.129E-11  2.742E-13  0.000E+00
   1.445E+02  1.480E+02  1.591E-06  9.149E-09  5.751E-01  1.591E-06  9.084E-09  5.711E-01  5.799E-12  2.839E-13  0.000E+00
   1.514E+02  1.549E+02  2.854E-06  1.073E-08  3.759E-01  2.854E-06  1.055E-08  3.697E-01  6.121E-12  3.091E-13  0.000E+00
   1.585E+02  1.622E+02  1.441E-06  8.703E-09  6.038E-01  1.441E-06  8.647E-09  5.999E-01  2.527E-11  3.139E-13  0.000E+00
   1.660E+02  1.699E+02  1.488E-06  8.780E-09  5.900E-01  1.488E-06  8.721E-09  5.860E-01  2.145E-11  3.362E-13  0.000E+00
   1.738E+02  1.779E+02  1.518E-06  8.842E-09  5.826E-01  1.518E-06  8.781E-09  5.786E-01  1.535E-11  3.152E-13  0.000E+00
   1.820E+02  1.863E+02  1.510E-06  8.718E-09  5.775E-01  1.510E-06  8.657E-09  5.734E-01  1.236E-11  3.026E-13  0.000E+00
   1.905E+02  1.950E+02  1.546E-06  8.609E-09  5.570E-01  1.546E-06  8.544E-09  5.528E-01  9.621E-12  2.948E-13  0.000E+00
   1.995E+02  2.042E+02  1.594E-06  8.534E-09  5.353E-01  1.594E-06  8.464E-09  5.309E-01  2.082E-11  2.919E-13  0.000E+00
   2.089E+02  2.139E+02  1.595E-06  8.420E-09  5.278E-01  1.595E-06  8.349E-09  5.233E-01  1.136E-11  3.123E-13  0.000E+00
   2.188E+02  2.239E+02  1.606E-06  8.382E-09  5.219E-01  1.606E-06  8.310E-09  5.174E-01  1.548E-11  2.916E-13  0.000E+00
   2.291E+02  2.345E+02  1.563E-06  8.139E-09  5.208E-01  1.563E-06  8.069E-09  5.163E-01  1.514E-11  2.846E-13  0.000E+00
   2.399E+02  2.455E+02  1.542E-06  8.022E-09  5.200E-01  1.542E-06  7.952E-09  5.155E-01  1.104E-11  2.747E-13  0.000E+00
   2.512E+02  2.571E+02  1.492E-06  7.809E-09  5.236E-01  1.491E-06  7.743E-09  5.191E-01  1.523E-11  2.645E-13  0.000E+00
   2.630E+02  2.692E+02  1.836E-06  7.973E-09  4.343E-01  1.836E-06  7.874E-09  4.289E-01  6.475E-12  2.661E-13  0.000E+00
   2.754E+02  2.819E+02  1.333E-06  7.289E-09  5.468E-01  1.333E-06  7.232E-09  5.425E-01  4.793E-12  2.714E-13  0.000E+00
   2.884E+02  2.952E+02  1.307E-06  7.137E-09  5.462E-01  1.307E-06  7.081E-09  5.419E-01  1.583E-11  2.635E-13  0.000E+00
   3.020E+02  3.091E+02  1.254E-06  6.832E-09  5.447E-01  1.254E-06  6.778E-09  5.404E-01  5.589E-12  2.500E-13  0.000E+00
   3.162E+02  3.237E+02  1.203E-06  6.588E-09  5.476E-01  1.203E-06  6.536E-09  5.433E-01  2.321E-11  2.530E-13  0.000E+00
   3.311E+02  3.389E+02  1.185E-06  6.553E-09  5.529E-01  1.185E-06  6.503E-09  5.487E-01  1.640E-11  2.462E-13  0.000E+00
   3.467E+02  3.549E+02  1.120E-06  6.272E-09  5.599E-01  1.120E-06  6.225E-09  5.557E-01  9.223E-12  2.443E-13  0.000E+00
   3.631E+02  3.716E+02  1.099E-06  6.115E-09  5.562E-01  1.099E-06  6.068E-09  5.520E-01  1.561E-11  2.526E-13  0.000E+00
   3.802E+02  3.891E+02  1.050E-06  5.858E-09  5.581E-01  1.050E-06  5.814E-09  5.539E-01  8.744E-12  2.430E-13  0.000E+00
   3.981E+02  4.075E+02  1.023E-06  5.710E-09  5.581E-01  1.023E-06  5.667E-09  5.539E-01  5.827E-12  2.378E-13  0.000E+00
   4.169E+02  4.267E+02  9.834E-07  5.511E-09  5.604E-01  9.834E-07  5.470E-09  5.563E-01  7.053E-12  2.374E-13  0.000E+00
   4.365E+02  4.468E+02  9.568E-07  5.376E-09  5.618E-01  9.568E-07  5.336E-09  5.577E-01  8.779E-12  2.433E-13  0.000E+00
   4.571E+02  4.679E+02  9.452E-07  5.297E-09  5.604E-01  9.452E-07  5.258E-09  5.563E-01  7.495E-12  2.320E-13  0.000E+00
   4.786E+02  4.899E+02  1.220E-06  5.468E-09  4.481E-01  1.220E-06  5.404E-09  4.429E-01  6.710E-12  2.341E-13  0.000E+00
   5.012E+02  5.130E+02  1.212E-06  6.052E-09  4.995E-01  1.212E-06  5.995E-09  4.948E-01  6.623E-12  5.530E-13  0.000E+00
   5.248E+02  5.372E+02  5.867E-07  3.805E-09  6.487E-01  5.866E-07  3.784E-09  6.451E-01  1.422E-11  2.023E-14  0.000E+00
   5.495E+02  5.625E+02  5.863E-07  3.753E-09  6.402E-01  5.863E-07  3.732E-09  6.365E-01  1.615E-11  1.834E-14  0.000E+00
   5.754E+02  5.890E+02  5.611E-07  3.633E-09  6.474E-01  5.611E-07  3.613E-09  6.438E-01  8.349E-12  1.876E-14  0.000E+00
   6.026E+02  6.168E+02  5.522E-07  3.529E-09  6.390E-01  5.522E-07  3.509E-09  6.354E-01  7.493E-12  1.900E-14  0.000E+00
   6.310E+02  6.458E+02  5.479E-07  3.515E-09  6.415E-01  5.479E-07  3.495E-09  6.378E-01  1.956E-12  1.905E-14  0.000E+00
   6.607E+02  6.763E+02  5.375E-07  3.413E-09  6.350E-01  5.375E-07  3.393E-09  6.313E-01  1.682E-11  1.618E-14  0.000E+00
   6.918E+02  7.081E+02  5.286E-07  3.364E-09  6.363E-01  5.285E-07  3.344E-09  6.328E-01  8.551E-11  1.860E-14  0.000E+00
   7.244E+02  7.415E+02  9.090E-07  3.803E-09  4.184E-01  9.090E-07  3.752E-09  4.128E-01  0.000E+00  1.761E-14  0.000E+00
   7.586E+02  7.765E+02  5.121E-07  3.273E-09  6.392E-01  5.121E-07  3.254E-09  6.355E-01  0.000E+00  1.664E-14  0.000E+00
   7.943E+02  8.130E+02  1.086E-06  3.829E-09  3.527E-01  1.086E-06  3.757E-09  3.460E-01  0.000E+00  1.661E-14  0.000E+00
   8.318E+02  8.514E+02  4.216E-06  9.544E-09  2.264E-01  4.216E-06  9.100E-09  2.158E-01  0.000E+00  1.631E-14  0.000E+00
   8.710E+02  8.915E+02  2.068E-07  1.930E-09  9.332E-01  2.068E-07  1.925E-09  9.307E-01  0.000E+00  1.641E-14  0.000E+00
   9.120E+02  9.335E+02  1.976E-07  1.849E-09  9.359E-01  1.976E-07  1.844E-09  9.334E-01  0.000E+00  1.681E-14  0.000E+00
   9.550E+02  9.775E+02  2.474E-07  2.118E-09  8.563E-01  2.474E-07  2.111E-09  8.536E-01  0.000E+00  1.542E-14  0.000E+00
   1.000E+03  1.024E+03  6.966E-07  3.728E-09  5.352E-01  6.966E-07  3.697E-09  5.308E-01  0.000E+00  1.724E-14  0.000E+00
   1.047E+03  1.072E+03  1.654E-07  1.622E-09  9.805E-01  1.654E-07  1.618E-09  9.781E-01  0.000E+00  1.683E-14  0.000E+00
   1.096E+03  1.122E+03  1.660E-07  1.607E-09  9.686E-01  1.660E-07  1.603E-09  9.662E-01  0.000E+00  1.581E-14  0.000E+00
   1.148E+03  1.175E+03  2.410E-07  1.993E-09  8.271E-01  2.410E-07  1.987E-09  8.243E-01  0.000E+00  5.446E-13  0.000E+00
   1.202E+03  1.231E+03  2.330E-06  6.342E-09  2.722E-01  2.330E-06  6.139E-09  2.635E-01  0.000E+00  8.498E-17  0.000E+00
   1.259E+03  1.289E+03  5.449E-08  8.122E-10  1.490E+00  5.449E-08  8.113E-10  1.489E+00  0.000E+00  3.045E-17  0.000E+00
   1.318E+03  1.349E+03  1.851E-07  1.713E-09  9.257E-01  1.851E-07  1.709E-09  9.232E-01  0.000E+00  1.088E-16  0.000E+00
   1.380E+03  1.413E+03  5.237E-08  7.814E-10  1.492E+00  5.237E-08  7.806E-10  1.491E+00  0.000E+00  1.085E-16  0.000E+00
   1.445E+03  1.480E+03  4.732E-08  7.143E-10  1.509E+00  4.732E-08  7.135E-10  1.508E+00  0.000E+00  4.005E-15  0.000E+00
   1.514E+03  1.549E+03  1.162E-07  9.320E-10  8.020E-01  1.162E-07  9.286E-10  7.991E-01  0.000E+00  3.857E-18  0.000E+00
   1.585E+03  1.622E+03  4.424E-08  6.924E-10  1.565E+00  4.424E-08  6.918E-10  1.564E+00  0.000E+00  2.589E-18  0.000E+00
   1.660E+03  1.699E+03  4.085E-08  6.377E-10  1.561E+00  4.085E-08  6.371E-10  1.560E+00  0.000E+00  9.426E-22  0.000E+00
   1.738E+03  1.779E+03  4.737E-07  2.562E-09  5.410E-01  4.737E-07  2.542E-09  5.366E-01  0.000E+00  2.226E-18  0.000E+00
   1.820E+03  1.863E+03  2.518E-08  4.747E-10  1.885E+00  2.518E-08  4.744E-10  1.884E+00  0.000E+00  1.153E-20  0.000E+00
   1.905E+03  1.950E+03  4.536E-08  7.177E-10  1.582E+00  4.536E-08  7.170E-10  1.581E+00  0.000E+00  7.638E-22  0.000E+00
   1.995E+03  2.042E+03  2.949E-07  1.930E-09  6.546E-01  2.949E-07  1.920E-09  6.510E-01  0.000E+00  7.767E-20  0.000E+00
   2.089E+03  2.139E+03  2.432E-08  4.817E-10  1.981E+00  2.432E-08  4.814E-10  1.980E+00  0.000E+00  1.047E-17  0.000E+00
   2.188E+03  2.239E+03  2.557E-08  4.878E-10  1.908E+00  2.557E-08  4.875E-10  1.907E+00  0.000E+00  7.354E-23  0.000E+00
   2.291E+03  2.345E+03  1.672E-08  3.601E-10  2.154E+00  1.672E-08  3.599E-10  2.153E+00  0.000E+00  5.921E-18  0.000E+00
   2.399E+03  2.455E+03  1.501E-08  3.225E-10  2.149E+00  1.501E-08  3.224E-10  2.148E+00  0.000E+00  3.876E-20  0.000E+00
   2.512E+03  2.571E+03  3.789E-07  2.001E-09  5.282E-01  3.789E-07  1.984E-09  5.238E-01  0.000E+00  9.590E-22  0.000E+00
   2.630E+03  2.692E+03  5.859E-09  1.859E-10  3.174E+00  5.859E-09  1.859E-10  3.173E+00  0.000E+00  1.719E-16  0.000E+00
   2.754E+03  2.819E+03  5.668E-09  1.855E-10  3.273E+00  5.668E-09  1.855E-10  3.272E+00  0.000E+00  0.000E+00  0.000E+00
   2.884E+03  2.952E+03  2.597E-08  4.844E-10  1.866E+00  2.597E-08  4.841E-10  1.864E+00  0.000E+00  0.000E+00  0.000E+00
   3.020E+03  3.091E+03  5.178E-09  1.706E-10  3.294E+00  5.178E-09  1.706E-10  3.294E+00  0.000E+00  0.000E+00  0.000E+00
   3.162E+03  3.237E+03  2.334E-07  1.448E-09  6.203E-01  2.334E-07  1.439E-09  6.166E-01  0.000E+00  0.000E+00  0.000E+00
   3.311E+03  3.389E+03  1.645E-08  3.746E-10  2.277E+00  1.645E-08  3.745E-10  2.276E+00  0.000E+00  0.000E+00  0.000E+00
   3.467E+03  3.549E+03  4.180E-09  1.891E-10  4.524E+00  4.180E-09  1.891E-10  4.524E+00  0.000E+00  0.000E+00  0.000E+00
   3.631E+03  3.716E+03  1.000E-30  1.000E-90  0.000E+00  0.000E+00  0.000E+00  0.000E+00  0.000E+00  0.000E+00  0.000E+00
   3.802E+03  3.891E+03  1.000E-30  1.000E-90  0.000E+00  0.000E+00  0.000E+00  0.000E+00  0.000E+00  0.000E+00  0.000E+00
   3.981E+03  4.075E+03  1.000E-30  1.000E-90  0.000E+00  0.000E+00  0.000E+00  0.000E+00  0.000E+00  0.000E+00  0.000E+00
   4.169E+03  4.267E+03  1.000E-30  1.000E-90  0.000E+00  0.000E+00  0.000E+00  0.000E+00  0.000E+00  0.000E+00  0.000E+00
   4.365E+03  4.468E+03  1.000E-30  1.000E-90  0.000E+00  0.000E+00  0.000E+00  0.000E+00  0.000E+00  0.000E+00  0.000E+00
   4.571E+03  4.679E+03  1.000E-30  1.000E-90  0.000E+00  0.000E+00  0.000E+00  0.000E+00  0.000E+00  0.000E+00  0.000E+00
   4.786E+03  4.899E+03  1.000E-30  1.000E-90  0.000E+00  0.000E+00  0.000E+00  0.000E+00  0.000E+00  0.000E+00  0.000E+00
   5.012E+03  5.025E+05  1.000E-30  1.000E-90  0.000E+00  0.000E+00  0.000E+00  0.000E+00  0.000E+00  0.000E+00  0.000E+00
      1.096E-02     0.000E+00     0.000E+00     0.000E+00
      1.202E-02     0.000E+00     0.000E+00     0.000E+00
      1.318E-02     0.000E+00     0.000E+00     0.000E+00
      1.445E-02     0.000E+00     0.000E+00     0.000E+00
      1.585E-02     0.000E+00     0.000E+00     0.000E+00
      1.738E-02     0.000E+00     0.000E+00     0.000E+00
      1.905E-02     0.000E+00     0.000E+00     0.000E+00
      2.089E-02     0.000E+00     0.000E+00     0.000E+00
      2.291E-02     0.000E+00     0.000E+00     0.000E+00
      2.512E-02     0.000E+00     0.000E+00     0.000E+00
      2.754E-02     0.000E+00     0.000E+00     0.000E+00
      3.020E-02     0.000E+00     0.000E+00     0.000E+00
      3.311E-02     0.000E+00     0.000E+00     0.000E+00
      3.631E-02     0.000E+00     0.000E+00     0.000E+00
      3.981E-02     0.000E+00     0.000E+00     0.000E+00
      4.365E-02     0.000E+00     0.000E+00     0.000E+00
      4.786E-02     0.000E+00     0.000E+00     0.000E+00
      5.248E-02     0.000E+00     0.000E+00     0.000E+00
      5.754E-02     0.000E+00     0.000E+00     0.000E+00
      6.310E-02     0.000E+00     0.000E+00     0.000E+00
      6.918E-02     0.000E+00     0.000E+00     0.000E+00
      7.586E-02     0.000E+00     0.000E+00     0.000E+00
      8.318E-02     0.000E+00     0.000E+00     0.000E+00
      9.120E-02     0.000E+00     0.000E+00     0.000E+00
      1.000E-01     0.000E+00     0.000E+00     0.000E+00
      1.096E-01     0.000E+00     0.000E+00     0.000E+00
      1.202E-01     0.000E+00     0.000E+00     0.000E+00
      1.318E-01     0.000E+00     0.000E+00     0.000E+00
      1.445E-01     0.000E+00     0.000E+00     0.000E+00
      1.585E-01     0.000E+00     0.000E+00     0.000E+00
      1.738E-01     1.728E-32     2.932E-29     1.697E+05
      1.905E-01     1.631E-31     1.753E-32     1.075E+01
      2.089E-01     2.954E-30     0.000E+00     0.000E+00
      2.291E-01     2.769E-29     4.130E-29     1.492E+02
      2.512E-01     2.380E-32     7.725E-31     3.246E+03
      2.754E-01     8.304E-14     0.000E+00     0.000E+00
      3.020E-01     5.671E-30     2.750E-29     4.848E+02
      3.311E-01     2.095E-29     1.780E-29     8.493E+01
      3.631E-01     2.166E-13     0.000E+00     0.000E+00
      3.981E-01     4.562E-30     6.453E-30     1.415E+02
      4.365E-01     6.007E-30     7.108E-29     1.183E+03
      4.786E-01     2.337E-30     1.098E-26     4.696E+05
      5.248E-01     5.790E-12     0.000E+00     0.000E+00
      5.754E-01     7.582E-28     3.570E-28     4.709E+01
      6.310E-01     4.664E-28     6.618E-29     1.419E+01
      6.918E-01     6.784E-27     1.093E-29     1.611E-01
      7.586E-01     7.445E-27     0.000E+00     0.000E+00
      8.318E-01     4.801E-13     0.000E+00     0.000E+00
      9.120E-01     6.862E-29     2.854E-24     4.159E+06
