   0.000E+00  5.000E-01  1.000E-30  1.000E-90  0.000E+00  0.000E+00  0.000E+00  0.000E+00  0.000E+00  0.000E+00  0.000E+00
   1.000E+00  1.024E+00  1.000E-30  3.691E-32  5.132E+00  7.094E-31  3.690E-32  5.202E+00  9.967E-33  4.774E-37  0.000E+00
   1.047E+00  1.072E+00  1.000E-30  1.000E-90  0.000E+00  0.000E+00  0.000E+00  0.000E+00  0.000E+00  0.000E+00  0.000E+00
   1.096E+00  1.122E+00  1.000E-30  1.000E-90  0.000E+00  0.000E+00  0.000E+00  0.000E+00  0.000E+00  0.000E+00  0.000E+00
   1.148E+00  1.175E+00  1.000E-30  1.000E-90  0.000E+00  0.000E+00  0.000E+00  0.000E+00  0.000E+00  0.000E+00  0.000E+00
   1.202E+00  1.231E+00  8.404E-29  6.922E-31  8.237E-01  8.340E-29  6.892E-31  8.263E-01  6.376E-31  3.784E-35  0.000E+00
   1.259E+00  1.289E+00  1.000E-30  1.000E-90  0.000E+00  0.000E+00  0.000E+00  0.000E+00  0.000E+00  0.000E+00  0.000E+00
   1.318E+00  1.349E+00  1.000E-30  1.000E-90  0.000E+00  0.000E+00  0.000E+00  0.000E+00  0.000E+00  0.000E+00  0.000E+00
   1.380E+00  1.413E+00  1.000E-30  1.000E-90  0.000E+00  0.000E+00  0.000E+00  0.000E+00  0.000E+00  0.000E+00  0.000E+00
   1.445E+00  1.480E+00  8.822E-30  2.141E-31  2.426E+00  8.768E-30  2.139E-31  2.440E+00  5.370E-32  4.499E-36  0.000E+00
   1.514E+00  1.549E+00  1.000E-30  1.000E-90  0.000E+00  0.000E+00  0.000E+00  0.000E+00  0.000E+00  0.000E+00  0.000E+00
   1.585E+00  1.622E+00  1.000E-30  1.000E-90  0.000E+00  0.000E+00  0.000E+00  0.000E+00  0.000E+00  0.000E+00  0.000E+00
   1.660E+00  1.699E+00  1.000E-30  4.384E-32  1.435E+01  3.028E-31  4.384E-32  1.448E+01  2.747E-33  6.836E-38  0.000E+00
   1.738E+00  1.779E+00  2.287E-27  2.826E-30  1.236E-01  2.254E-27  2.262E-30  1.003E-01  3.316E-29  1.162E-33  0.000E+00
   1.820E+00  1.863E+00  1.000E-30  1.000E-90  0.000E+00  0.000E+00  0.000E+00  0.000E+00  0.000E+00  0.000E+00  0.000E+00
   1.905E+00  1.950E+00  1.000E-30  6.762E-40  6.750E+01  0.000E+00  0.000E+00  0.000E+00  0.000E+00  1.002E-39  0.000E+00
   1.995E+00  2.042E+00  8.086E-30  2.707E-31  3.347E+00  8.032E-30  2.706E-31  3.369E+00  5.464E-32  3.633E-36  0.000E+00
   2.089E+00  2.139E+00  1.000E-30  1.000E-90  0.000E+00  0.000E+00  0.000E+00  0.000E+00  0.000E+00  0.000E+00  0.000E+00
   2.188E+00  2.239E+00  1.000E-30  2.013E-41  6.750E+01  2.982E-41  2.013E-41  6.750E+01  0.000E+00  0.000E+00  0.000E+00
   2.291E+00  2.345E+00  2.219E-27  5.495E-30  2.477E-01  2.193E-27  5.239E-30  2.389E-01  2.565E-29  1.305E-33  0.000E+00
   2.399E+00  2.455E+00  1.000E-30  2.388E-33  6.750E+01  3.537E-33  2.388E-33  6.750E+01  0.000E+00  0.000E+00  0.000E+00
   2.512E+00  2.571E+00  2.630E-30  1.926E-31  7.321E+00  2.606E-30  1.925E-31  7.389E+00  2.459E-32  1.563E-36  0.000E+00
   2.630E+00  2.692E+00  8.272E-30  5.584E-30  6.750E+01  8.272E-30  5.584E-30  6.750E+01  0.000E+00  0.000E+00  0.000E+00
   2.754E+00  2.819E+00  1.000E-30  1.000E-90  0.000E+00  0.000E+00  0.000E+00  0.000E+00  0.000E+00  0.000E+00  0.000E+00
   2.884E+00  2.952E+00  3.395E-27  7.714E-28  2.272E+01  3.387E-27  7.714E-28  2.278E+01  8.522E-30  1.264E-32  0.000E+00
   3.020E+00  3.091E+00  1.000E-30  1.000E-90  0.000E+00  0.000E+00  0.000E+00  0.000E+00  0.000E+00  0.000E+00  0.000E+00
   3.162E+00  3.237E+00  9.563E-30  4.565E-30  4.773E+01  9.563E-30  4.565E-30  4.773E+01  0.000E+00  2.614E-39  0.000E+00
   3.311E+00  3.389E+00  5.523E-27  2.705E-27  4.899E+01  4.820E-27  2.664E-27  5.526E+01  7.023E-28  4.530E-33  0.000E+00
   3.467E+00  3.549E+00  1.000E-30  1.181E-36  6.750E+01  0.000E+00  0.000E+00  0.000E+00  0.000E+00  1.750E-36  0.000E+00
   3.631E+00  3.716E+00  4.686E-24  2.547E-24  5.436E+01  4.686E-24  2.547E-24  5.436E+01  1.048E-29  4.844E-32  0.000E+00
   3.802E+00  3.891E+00  1.000E-30  1.000E-90  0.000E+00  0.000E+00  0.000E+00  0.000E+00  0.000E+00  0.000E+00  0.000E+00
   3.981E+00  4.075E+00  3.086E-30  2.083E-30  6.750E+01  3.086E-30  2.083E-30  6.750E+01  0.000E+00  0.000E+00  0.000E+00
   4.169E+00  4.267E+00  1.000E-30  1.233E-31  6.750E+01  1.827E-31  1.233E-31  6.750E+01  0.000E+00  0.000E+00  0.000E+00
   4.365E+00  4.468E+00  1.527E-26  1.015E-26  6.651E+01  1.526E-26  1.015E-26  6.652E+01  1.964E-30  2.804E-35  0.000E+00
   4.571E+00  4.679E+00  5.880E-30  3.969E-30  6.750E+01  5.880E-30  3.969E-30  6.750E+01  0.000E+00  1.578E-41  0.000E+00
   4.786E+00  4.899E+00  2.260E-29  5.367E-31  2.374E+00  2.244E-29  5.364E-31  2.391E+00  1.684E-31  1.497E-35  0.000E+00
   5.012E+00  5.130E+00  5.304E-30  3.580E-30  6.750E+01  5.304E-30  3.580E-30  6.750E+01  0.000E+00  1.402E-37  0.000E+00
   5.248E+00  5.372E+00  3.004E-28  2.099E-30  6.986E-01  2.944E-28  2.087E-30  7.089E-01  6.027E-30  4.455E-35  0.000E+00
   5.495E+00  5.625E+00  4.891E-30  3.301E-30  6.750E+01  4.891E-30  3.301E-30  6.750E+01  0.000E+00  0.000E+00  0.000E+00
   5.754E+00  5.890E+00  3.624E-29  1.096E-30  3.023E+00  3.601E-29  1.095E-30  3.042E+00  2.346E-31  2.345E-34  0.000E+00
   6.026E+00  6.168E+00  1.565E-25  2.923E-26  1.868E+01  1.565E-25  2.923E-26  1.868E+01  2.479E-30  2.261E-34  0.000E+00
   6.310E+00  6.458E+00  4.351E-22  4.791E-23  1.101E+01  4.342E-22  4.791E-23  1.103E+01  9.347E-25  2.648E-28  0.000E+00
   6.607E+00  6.763E+00  1.075E-28  1.880E-30  1.749E+00  1.056E-28  1.878E-30  1.778E+00  1.907E-30  3.892E-35  0.000E+00
   6.918E+00  7.081E+00  8.951E-24  5.856E-24  6.543E+01  8.948E-24  5.856E-24  6.544E+01  2.611E-27  2.125E-31  0.000E+00
   7.244E+00  7.415E+00  1.897E-22  6.061E-23  3.196E+01  1.895E-22  6.061E-23  3.198E+01  1.311E-25  3.209E-29  0.000E+00
   7.586E+00  7.765E+00  1.035E-29  3.777E-30  3.650E+01  1.035E-29  3.777E-30  3.650E+01  0.000E+00  5.129E-36  0.000E+00
   7.943E+00  8.130E+00  1.000E-30  9.095E-36  6.750E+01  1.347E-35  9.095E-36  6.750E+01  0.000E+00  4.245E-40  0.000E+00
   8.318E+00  8.514E+00  1.000E-30  2.199E-34  6.750E+01  3.258E-34  2.199E-34  6.750E+01  0.000E+00  0.000E+00  0.000E+00
   8.710E+00  8.915E+00  1.775E-30  1.169E-30  6.586E+01  1.775E-30  1.169E-30  6.586E+01  0.000E+00  1.380E-36  0.000E+00
   9.120E+00  9.335E+00  1.150E-29  5.125E-30  4.458E+01  4.328E-30  1.690E-30  3.905E+01  0.000E+00  7.167E-30  0.000E+00
   9.550E+00  9.775E+00  5.283E-30  2.139E-30  4.048E+01  5.283E-30  2.139E-30  4.048E+01  0.000E+00  1.772E-36  0.000E+00
   1.000E+01  1.024E+01  1.138E-30  5.916E-31  5.199E+01  1.138E-30  5.916E-31  5.199E+01  0.000E+00  3.925E-36  0.000E+00
   1.047E+01  1.072E+01  1.754E-24  1.184E-24  6.750E+01  1.754E-24  1.184E-24  6.750E+01  0.000E+00  5.367E-37  0.000E+00
   1.096E+01  1.122E+01  2.017E-17  1.345E-17  6.666E+01  1.268E-27  8.527E-28  6.725E+01  0.000E+00  2.017E-17  0.000E+00
   1.148E+01  1.175E+01  5.086E-29  2.855E-29  5.613E+01  8.762E-30  2.739E-30  3.125E+01  0.000E+00  4.210E-29  0.000E+00
   1.202E+01  1.231E+01  6.916E-23  4.668E-23  6.750E+01  8.024E-30  2.176E-30  2.712E+01  0.000E+00  6.916E-23  0.000E+00
   1.259E+01  1.289E+01  3.900E-16  2.475E-16  6.347E+01  2.381E-17  1.340E-17  5.627E+01  3.661E-16  9.277E-36  0.000E+00
   1.318E+01  1.349E+01  1.338E-14  2.193E-15  1.639E+01  2.337E-15  1.577E-15  6.748E+01  1.104E-14  2.056E-18  0.000E+00
   1.380E+01  1.413E+01  9.092E-12  1.773E-13  1.950E+00  1.818E-16  1.227E-16  6.750E+01  9.092E-12  2.290E-17  0.000E+00
   1.445E+01  1.480E+01  4.655E-15  3.142E-15  6.749E+01  4.655E-15  3.142E-15  6.750E+01  0.000E+00  3.787E-19  0.000E+00
   1.514E+01  1.549E+01  1.486E-14  9.227E-15  6.207E+01  1.486E-14  9.227E-15  6.209E+01  0.000E+00  3.705E-18  0.000E+00
   1.585E+01  1.622E+01  2.504E-18  1.666E-18  6.654E+01  2.504E-18  1.666E-18  6.654E+01  0.000E+00  2.160E-36  0.000E+00
   1.660E+01  1.699E+01  6.455E-21  4.232E-21  6.557E+01  8.480E-28  5.668E-28  6.684E+01  0.000E+00  6.455E-21  0.000E+00
   1.738E+01  1.779E+01  7.926E-15  3.820E-15  4.819E+01  7.726E-15  3.817E-15  4.941E+01  0.000E+00  2.002E-16  0.000E+00
   1.820E+01  1.863E+01  7.347E-16  2.902E-16  3.950E+01  4.700E-16  2.473E-16  5.262E+01  0.000E+00  2.647E-16  0.000E+00
   1.905E+01  1.950E+01  2.824E-14  1.903E-14  6.738E+01  2.820E-14  1.903E-14  6.750E+01  0.000E+00  4.884E-17  0.000E+00
   1.995E+01  2.042E+01  1.928E-13  1.300E-13  6.742E+01  1.926E-13  1.300E-13  6.747E+01  0.000E+00  1.453E-16  0.000E+00
   2.089E+01  2.139E+01  3.325E-12  2.120E-12  6.375E+01  3.324E-12  2.120E-12  6.376E+01  0.000E+00  6.249E-16  0.000E+00
   2.188E+01  2.239E+01  7.784E-13  5.250E-13  6.745E+01  7.778E-13  5.250E-13  6.750E+01  0.000E+00  6.139E-16  0.000E+00
   2.291E+01  2.345E+01  7.504E-13  5.056E-13  6.738E+01  7.503E-13  5.056E-13  6.739E+01  5.837E-26  8.951E-17  0.000E+00
   2.399E+01  2.455E+01  4.362E-14  2.829E-14  6.486E+01  4.342E-14  2.829E-14  6.516E+01  8.882E-26  1.985E-16  0.000E+00
   2.512E+01  2.571E+01  1.179E-12  7.944E-13  6.740E+01  1.178E-12  7.944E-13  6.744E+01  4.609E-21  6.424E-16  0.000E+00
   2.630E+01  2.692E+01  6.231E-11  2.571E-11  4.125E+01  6.231E-11  2.571E-11  4.126E+01  1.280E-18  1.287E-15  0.000E+00
   2.754E+01  2.819E+01  1.694E-11  1.137E-11  6.712E+01  1.694E-11  1.137E-11  6.713E+01  3.917E-17  5.089E-16  0.000E+00
   2.884E+01  2.952E+01  2.453E-11  1.565E-11  6.383E+01  2.452E-11  1.565E-11  6.383E+01  8.062E-17  2.470E-15  0.000E+00
   3.020E+01  3.091E+01  2.901E-11  1.255E-11  4.327E+01  2.901E-11  1.255E-11  4.327E+01  9.237E-17  4.147E-16  0.000E+00
   3.162E+01  3.237E+01  2.444E-11  1.506E-11  6.164E+01  2.443E-11  1.506E-11  6.164E+01  4.679E-16  1.533E-15  0.000E+00
   3.311E+01  3.389E+01  1.242E-10  6.819E-11  5.493E+01  1.241E-10  6.819E-11  5.494E+01  1.309E-14  4.305E-15  0.000E+00
   3.467E+01  3.549E+01  1.485E-10  6.048E-11  4.073E+01  1.484E-10  6.048E-11  4.074E+01  5.012E-14  2.533E-15  0.000E+00
   3.631E+01  3.716E+01  4.085E-10  1.731E-10  4.236E+01  4.077E-10  1.730E-10  4.245E+01  8.538E-13  4.249E-15  0.000E+00
   3.802E+01  3.891E+01  1.676E-10  3.716E-11  2.218E+01  1.662E-10  3.716E-11  2.236E+01  1.399E-12  4.440E-15  0.000E+00
   3.981E+01  4.075E+01  7.041E-10  1.880E-10  2.669E+01  7.030E-10  1.879E-10  2.674E+01  1.173E-12  6.719E-15  0.000E+00
   4.169E+01  4.267E+01  8.458E-10  1.859E-10  2.198E+01  8.409E-10  1.859E-10  2.210E+01  4.907E-12  1.042E-14  0.000E+00
   4.365E+01  4.468E+01  2.064E-09  3.507E-10  1.699E+01  2.053E-09  3.507E-10  1.708E+01  1.081E-11  1.848E-14  0.000E+00
   4.571E+01  4.679E+01  1.467E-09  1.613E-10  1.100E+01  1.439E-09  1.612E-10  1.120E+01  2.720E-11  3.199E-14  0.000E+00
   4.786E+01  4.899E+01  2.772E-09  2.568E-10  9.264E+00  2.736E-09  2.568E-10  9.385E+00  3.583E-11  4.283E-14  0.000E+00
   5.012E+01  5.130E+01  5.029E-09  4.907E-10  9.757E+00  4.971E-09  4.907E-10  9.872E+00  5.858E-11  5.958E-14  0.000E+00
   5.248E+01  5.372E+01  7.933E-09  4.786E-10  6.033E+00  7.788E-09  4.785E-10  6.144E+00  1.452E-10  1.602E-13  0.000E+00
   5.495E+01  5.625E+01  1.084E-08  5.273E-10  4.864E+00  1.063E-08  5.271E-10  4.960E+00  2.130E-10  2.193E-13  0.000E+00
   5.754E+01  5.890E+01  1.675E-08  6.655E-10  3.974E+00  1.638E-08  6.651E-10  4.062E+00  3.710E-10  2.247E-13  0.000E+00
   6.026E+01  6.168E+01  2.379E-08  8.617E-10  3.622E+00  2.320E-08  8.613E-10  3.713E+00  5.947E-10  3.791E-13  0.000E+00
   6.310E+01  6.458E+01  3.542E-08  9.492E-10  2.680E+00  3.441E-08  9.485E-10  2.757E+00  1.017E-09  4.618E-13  0.000E+00
   6.607E+01  6.763E+01  4.941E-08  1.145E-09  2.317E+00  4.779E-08  1.143E-09  2.392E+00  1.607E-09  4.404E-12  0.000E+00
   6.918E+01  7.081E+01  6.608E-08  1.002E-09  1.516E+00  6.423E-08  9.997E-10  1.557E+00  1.846E-09  2.366E-13  0.000E+00
   7.244E+01  7.415E+01  9.378E-08  1.356E-09  1.446E+00  9.168E-08  1.354E-09  1.477E+00  2.095E-09  3.077E-13  0.000E+00
   7.586E+01  7.765E+01  1.242E-07  1.550E-09  1.248E+00  1.217E-07  1.547E-09  1.271E+00  2.535E-09  4.444E-12  0.000E+00
   7.943E+01  8.130E+01  1.601E-07  1.648E-09  1.029E+00  1.564E-07  1.643E-09  1.050E+00  3.692E-09  7.017E-14  0.000E+00
   8.318E+01  8.514E+01  2.107E-07  2.011E-09  9.545E-01  2.034E-07  2.004E-09  9.854E-01  7.255E-09  7.896E-14  0.000E+00
   8.710E+01  8.915E+01  2.641E-07  2.104E-09  7.969E-01  2.554E-07  2.095E-09  8.203E-01  8.706E-09  1.064E-13  0.000E+00
   9.120E+01  9.335E+01  3.224E-07  2.276E-09  7.059E-01  3.126E-07  2.263E-09  7.240E-01  9.827E-09  1.140E-13  0.000E+00
   9.550E+01  9.775E+01  3.839E-07  2.339E-09  6.093E-01  3.732E-07  2.321E-09  6.220E-01  1.065E-08  1.290E-13  0.000E+00
   1.000E+02  1.024E+02  4.668E-07  4.873E-09  1.044E+00  4.550E-07  4.857E-09  1.067E+00  1.183E-08  1.525E-13  0.000E+00
   1.047E+02  1.072E+02  5.547E-07  5.328E-09  9.606E-01  5.401E-07  5.308E-09  9.828E-01  1.458E-08  1.701E-13  0.000E+00
   1.096E+02  1.122E+02  6.418E-07  5.714E-09  8.904E-01  6.241E-07  5.690E-09  9.117E-01  1.764E-08  1.883E-13  0.000E+00
   1.148E+02  1.175E+02  7.269E-07  5.948E-09  8.183E-01  7.056E-07  5.919E-09  8.388E-01  2.127E-08  2.047E-13  0.000E+00
   1.202E+02  1.231E+02  9.645E-07  6.217E-09  6.446E-01  8.055E-07  6.168E-09  7.658E-01  1.590E-07  2.174E-13  0.000E+00
   1.259E+02  1.289E+02  8.782E-07  6.498E-09  7.400E-01  8.756E-07  6.463E-09  7.382E-01  2.604E-09  2.333E-13  0.000E+00
   1.318E+02  1.349E+02  9.799E-07  6.801E-09  6.941E-01  9.578E-07  6.760E-09  7.057E-01  2.206E-08  2.386E-13  0.000E+00
   1.380E+02  1.413E+02  1.014E-06  6.896E-09  6.798E-01  1.014E-06  6.852E-09  6.755E-01  2.011E-11  2.490E-13  0.000E+00
   1.445E+02  1.480E+02  1.075E-06  7.055E-09  6.562E-01  1.075E-06  7.006E-09  6.517E-01  8.445E-12  2.868E-13  0.000E+00
   1.514E+02  1.549E+02  1.481E-06  7.452E-09  5.033E-01  1.481E-06  7.365E-09  4.974E-01  2.331E-12  2.918E-13  0.000E+00
   1.585E+02  1.622E+02  1.125E-06  7.303E-09  6.491E-01  1.125E-06  7.251E-09  6.445E-01  6.074E-12  3.113E-13  0.000E+00
   1.660E+02  1.699E+02  1.190E-06  7.424E-09  6.237E-01  1.190E-06  7.368E-09  6.190E-01  1.021E-11  3.488E-13  0.000E+00
   1.738E+02  1.779E+02  1.200E-06  7.318E-09  6.100E-01  1.200E-06  7.260E-09  6.052E-01  1.378E-11  3.296E-13  0.000E+00
   1.820E+02  1.863E+02  1.229E-06  7.504E-09  6.104E-01  1.229E-06  7.445E-09  6.056E-01  2.252E-11  3.266E-13  0.000E+00
   1.905E+02  1.950E+02  1.286E-06  7.624E-09  5.928E-01  1.286E-06  7.560E-09  5.878E-01  1.147E-11  3.183E-13  0.000E+00
   1.995E+02  2.042E+02  1.384E-06  7.700E-09  5.566E-01  1.384E-06  7.627E-09  5.513E-01  1.666E-11  3.129E-13  0.000E+00
   2.089E+02  2.139E+02  1.408E-06  7.656E-09  5.437E-01  1.408E-06  7.580E-09  5.383E-01  2.673E-11  3.336E-13  0.000E+00
   2.188E+02  2.239E+02  1.427E-06  7.672E-09  5.377E-01  1.427E-06  7.594E-09  5.322E-01  1.283E-11  3.289E-13  0.000E+00
   2.291E+02  2.345E+02  1.394E-06  7.546E-09  5.414E-01  1.394E-06  7.469E-09  5.360E-01  2.139E-11  3.278E-13  0.000E+00
   2.399E+02  2.455E+02  1.362E-06  7.369E-09  5.408E-01  1.362E-06  7.294E-09  5.354E-01  1.406E-11  3.053E-13  0.000E+00
   2.512E+02  2.571E+02  1.325E-06  7.270E-09  5.485E-01  1.325E-06  7.199E-09  5.431E-01  7.348E-12  3.062E-13  0.000E+00
   2.630E+02  2.692E+02  1.368E-06  7.112E-09  5.198E-01  1.368E-06  7.034E-09  5.141E-01  2.581E-11  3.110E-13  0.000E+00
   2.754E+02  2.819E+02  1.221E-06  6.855E-09  5.614E-01  1.221E-06  6.791E-09  5.561E-01  8.551E-12  3.166E-13  0.000E+00
   2.884E+02  2.952E+02  1.180E-06  6.721E-09  5.698E-01  1.180E-06  6.660E-09  5.646E-01  5.887E-12  3.093E-13  0.000E+00
   3.020E+02  3.091E+02  1.138E-06  6.537E-09  5.743E-01  1.138E-06  6.478E-09  5.692E-01  1.729E-11  3.192E-13  0.000E+00
   3.162E+02  3.237E+02  1.110E-06  6.384E-09  5.749E-01  1.110E-06  6.327E-09  5.698E-01  6.112E-12  3.122E-13  0.000E+00
   3.311E+02  3.389E+02  1.079E-06  6.279E-09  5.818E-01  1.079E-06  6.225E-09  5.768E-01  2.818E-11  3.108E-13  0.000E+00
   3.467E+02  3.549E+02  1.048E-06  6.137E-09  5.854E-01  1.048E-06  6.084E-09  5.803E-01  1.300E-11  3.041E-13  0.000E+00
   3.631E+02  3.716E+02  1.034E-06  6.065E-09  5.865E-01  1.034E-06  6.012E-09  5.815E-01  1.531E-11  3.117E-13  0.000E+00
   3.802E+02  3.891E+02  9.926E-07  5.860E-09  5.904E-01  9.925E-07  5.811E-09  5.854E-01  1.396E-11  3.183E-13  0.000E+00
   3.981E+02  4.075E+02  9.709E-07  5.761E-09  5.933E-01  9.709E-07  5.712E-09  5.883E-01  3.704E-12  3.224E-13  0.000E+00
   4.169E+02  4.267E+02  9.534E-07  5.608E-09  5.882E-01  9.534E-07  5.560E-09  5.832E-01  1.769E-11  3.247E-13  0.000E+00
   4.365E+02  4.468E+02  9.560E-07  5.639E-09  5.899E-01  9.560E-07  5.592E-09  5.849E-01  9.729E-12  3.409E-13  0.000E+00
   4.571E+02  4.679E+02  9.341E-07  5.528E-09  5.918E-01  9.341E-07  5.481E-09  5.868E-01  3.710E-12  3.292E-13  0.000E+00
   4.786E+02  4.899E+02  9.825E-07  5.397E-09  5.493E-01  9.825E-07  5.344E-09  5.439E-01  5.688E-12  3.493E-13  0.000E+00
   5.012E+02  5.130E+02  1.546E-06  7.623E-09  4.929E-01  1.546E-06  7.530E-09  4.870E-01  1.522E-11  8.874E-13  0.000E+00
   5.248E+02  5.372E+02  4.681E-07  3.088E-09  6.596E-01  4.681E-07  3.067E-09  6.552E-01  1.151E-11  1.521E-14  0.000E+00
   5.495E+02  5.625E+02  4.532E-07  2.993E-09  6.603E-01  4.532E-07  2.972E-09  6.559E-01  2.238E-11  1.521E-14  0.000E+00
   5.754E+02  5.890E+02  4.509E-07  2.958E-09  6.559E-01  4.509E-07  2.938E-09  6.515E-01  3.205E-12  1.415E-14  0.000E+00
   6.026E+02  6.168E+02  4.375E-07  2.860E-09  6.537E-01  4.375E-07  2.840E-09  6.492E-01  5.219E-12  1.448E-14  0.000E+00
   6.310E+02  6.458E+02  4.319E-07  2.797E-09  6.477E-01  4.319E-07  2.777E-09  6.431E-01  1.511E-11  1.544E-14  0.000E+00
   6.607E+02  6.763E+02  4.263E-07  2.749E-09  6.450E-01  4.262E-07  2.730E-09  6.404E-01  6.721E-12  1.392E-14  0.000E+00
   6.918E+02  7.081E+02  4.268E-07  2.709E-09  6.348E-01  4.267E-07  2.690E-09  6.304E-01  1.568E-10  1.467E-14  0.000E+00
   7.244E+02  7.415E+02  5.194E-07  2.806E-09  5.403E-01  5.194E-07  2.778E-09  5.348E-01  0.000E+00  1.414E-14  0.000E+00
   7.586E+02  7.765E+02  4.430E-07  2.763E-09  6.236E-01  4.430E-07  2.742E-09  6.189E-01  0.000E+00  1.248E-14  0.000E+00
   7.943E+02  8.130E+02  5.414E-07  2.634E-09  4.866E-01  5.414E-07  2.602E-09  4.805E-01  0.000E+00  1.289E-14  0.000E+00
   8.318E+02  8.514E+02  6.702E-06  1.286E-08  1.919E-01  6.702E-06  1.179E-08  1.759E-01  0.000E+00  1.235E-14  0.000E+00
   8.710E+02  8.915E+02  1.735E-07  1.549E-09  8.923E-01  1.735E-07  1.543E-09  8.890E-01  0.000E+00  1.462E-14  0.000E+00
   9.120E+02  9.335E+02  1.683E-07  1.490E-09  8.853E-01  1.683E-07  1.484E-09  8.819E-01  0.000E+00  1.405E-14  0.000E+00
   9.550E+02  9.775E+02  2.640E-07  2.177E-09  8.245E-01  2.640E-07  2.168E-09  8.210E-01  0.000E+00  1.413E-14  0.000E+00
   1.000E+03  1.024E+03  9.734E-07  4.773E-09  4.903E-01  9.734E-07  4.714E-09  4.843E-01  0.000E+00  1.421E-14  0.000E+00
   1.047E+03  1.072E+03  1.424E-07  1.314E-09  9.230E-01  1.424E-07  1.309E-09  9.198E-01  0.000E+00  1.556E-14  0.000E+00
   1.096E+03  1.122E+03  1.431E-07  1.308E-09  9.142E-01  1.431E-07  1.304E-09  9.110E-01  0.000E+00  1.452E-14  0.000E+00
   1.148E+03  1.175E+03  2.639E-07  2.106E-09  7.980E-01  2.639E-07  2.096E-09  7.943E-01  0.000E+00  7.891E-13  0.000E+00
   1.202E+03  1.231E+03  3.475E-06  8.204E-09  2.361E-01  3.475E-06  7.759E-09  2.233E-01  0.000E+00  5.657E-17  0.000E+00
   1.259E+03  1.289E+03  4.149E-08  6.311E-10  1.521E+00  4.149E-08  6.303E-10  1.519E+00  0.000E+00  5.701E-17  0.000E+00
   1.318E+03  1.349E+03  2.434E-07  2.136E-09  8.775E-01  2.434E-07  2.128E-09  8.741E-01  0.000E+00  9.071E-17  0.000E+00
   1.380E+03  1.413E+03  4.273E-08  6.751E-10  1.580E+00  4.273E-08  6.743E-10  1.578E+00  0.000E+00  4.685E-17  0.000E+00
   1.445E+03  1.480E+03  3.792E-08  5.853E-10  1.543E+00  3.792E-08  5.845E-10  1.541E+00  0.000E+00  5.442E-15  0.000E+00
   1.514E+03  1.549E+03  4.524E-08  5.148E-10  1.138E+00  4.524E-08  5.137E-10  1.135E+00  0.000E+00  9.019E-20  0.000E+00
   1.585E+03  1.622E+03  3.409E-08  5.202E-10  1.526E+00  3.409E-08  5.195E-10  1.524E+00  0.000E+00  3.752E-20  0.000E+00
   1.660E+03  1.699E+03  3.322E-08  4.880E-10  1.469E+00  3.322E-08  4.873E-10  1.467E+00  0.000E+00  7.720E-19  0.000E+00
   1.738E+03  1.779E+03  6.538E-07  3.196E-09  4.888E-01  6.538E-07  3.156E-09  4.828E-01  0.000E+00  6.542E-18  0.000E+00
   1.820E+03  1.863E+03  1.977E-08  3.559E-10  1.800E+00  1.977E-08  3.555E-10  1.798E+00  0.000E+00  6.599E-20  0.000E+00
   1.905E+03  1.950E+03  4.436E-08  7.044E-10  1.588E+00  4.436E-08  7.036E-10  1.586E+00  0.000E+00  2.134E-17  0.000E+00
   1.995E+03  2.042E+03  3.888E-07  2.325E-09  5.979E-01  3.888E-07  2.305E-09  5.930E-01  0.000E+00  1.618E-17  0.000E+00
   2.089E+03  2.139E+03  2.282E-08  4.665E-10  2.044E+00  2.282E-08  4.662E-10  2.043E+00  0.000E+00  1.080E-19  0.000E+00
   2.188E+03  2.239E+03  2.619E-08  5.052E-10  1.929E+00  2.619E-08  5.048E-10  1.928E+00  0.000E+00  0.000E+00  0.000E+00
   2.291E+03  2.345E+03  1.381E-08  2.896E-10  2.096E+00  1.381E-08  2.894E-10  2.095E+00  0.000E+00  6.624E-18  0.000E+00
   2.399E+03  2.455E+03  1.182E-08  2.486E-10  2.103E+00  1.182E-08  2.484E-10  2.102E+00  0.000E+00  2.411E-18  0.000E+00
   2.512E+03  2.571E+03  4.942E-07  2.386E-09  4.828E-01  4.942E-07  2.356E-09  4.767E-01  0.000E+00  7.917E-19  0.000E+00
   2.630E+03  2.692E+03  4.460E-09  1.392E-10  3.122E+00  4.460E-09  1.392E-10  3.121E+00  0.000E+00  4.925E-16  0.000E+00
   2.754E+03  2.819E+03  4.010E-09  1.304E-10  3.253E+00  4.010E-09  1.304E-10  3.252E+00  0.000E+00  0.000E+00  0.000E+00
   2.884E+03  2.952E+03  2.961E-08  5.347E-10  1.806E+00  2.961E-08  5.342E-10  1.804E+00  0.000E+00  0.000E+00  0.000E+00
   3.020E+03  3.091E+03  3.496E-09  1.159E-10  3.315E+00  3.496E-09  1.159E-10  3.314E+00  0.000E+00  0.000E+00  0.000E+00
   3.162E+03  3.237E+03  2.971E-07  1.679E-09  5.652E-01  2.971E-07  1.664E-09  5.600E-01  0.000E+00  0.000E+00  0.000E+00
   3.311E+03  3.389E+03  2.120E-08  4.475E-10  2.111E+00  2.120E-08  4.473E-10  2.110E+00  0.000E+00  0.000E+00  0.000E+00
   3.467E+03  3.549E+03  5.045E-09  2.136E-10  4.233E+00  5.045E-09  2.135E-10  4.233E+00  0.000E+00  0.000E+00  0.000E+00
   3.631E+03  3.716E+03  1.000E-30  1.000E-90  0.000E+00  0.000E+00  0.000E+00  0.000E+00  0.000E+00  0.000E+00  0.000E+00
   3.802E+03  3.891E+03  1.000E-30  1.000E-90  0.000E+00  0.000E+00  0.000E+00  0.000E+00  0.000E+00  0.000E+00  0.000E+00
   3.981E+03  4.075E+03  1.000E-30  1.000E-90  0.000E+00  0.000E+00  0.000E+00  0.000E+00  0.000E+00  0.000E+00  0.000E+00
   4.169E+03  4.267E+03  1.000E-30  1.000E-90  0.000E+00  0.000E+00  0.000E+00  0.000E+00  0.000E+00  0.000E+00  0.000E+00
   4.365E+03  4.468E+03  1.000E-30  1.000E-90  0.000E+00  0.000E+00  0.000E+00  0.000E+00  0.000E+00  0.000E+00  0.000E+00
   4.571E+03  4.679E+03  1.000E-30  1.000E-90  0.000E+00  0.000E+00  0.000E+00  0.000E+00  0.000E+00  0.000E+00  0.000E+00
   4.786E+03  4.899E+03  1.000E-30  1.000E-90  0.000E+00  0.000E+00  0.000E+00  0.000E+00  0.000E+00  0.000E+00  0.000E+00
   5.012E+03  5.025E+05  1.000E-30  1.000E-90  0.000E+00  0.000E+00  0.000E+00  0.000E+00  0.000E+00  0.000E+00  0.000E+00
      1.096E-02     0.000E+00     0.000E+00     0.000E+00
      1.202E-02     0.000E+00     0.000E+00     0.000E+00
      1.318E-02     0.000E+00     0.000E+00     0.000E+00
      1.445E-02     0.000E+00     0.000E+00     0.000E+00
      1.585E-02     0.000E+00     0.000E+00     0.000E+00
      1.738E-02     0.000E+00     0.000E+00     0.000E+00
      1.905E-02     0.000E+00     0.000E+00     0.000E+00
      2.089E-02     0.000E+00     0.000E+00     0.000E+00
      2.291E-02     0.000E+00     0.000E+00     0.000E+00
      2.512E-02     0.000E+00     0.000E+00     0.000E+00
      2.754E-02     0.000E+00     0.000E+00     0.000E+00
      3.020E-02     0.000E+00     0.000E+00     0.000E+00
      3.311E-02     0.000E+00     0.000E+00     0.000E+00
      3.631E-02     0.000E+00     0.000E+00     0.000E+00
      3.981E-02     0.000E+00     0.000E+00     0.000E+00
      4.365E-02     0.000E+00     0.000E+00     0.000E+00
      4.786E-02     0.000E+00     0.000E+00     0.000E+00
      5.248E-02     0.000E+00     0.000E+00     0.000E+00
      5.754E-02     0.000E+00     0.000E+00     0.000E+00
      6.310E-02     0.000E+00     0.000E+00     0.000E+00
      6.918E-02     0.000E+00     0.000E+00     0.000E+00
      7.586E-02     0.000E+00     0.000E+00     0.000E+00
      8.318E-02     0.000E+00     0.000E+00     0.000E+00
      9.120E-02     0.000E+00     0.000E+00     0.000E+00
      1.000E-01     0.000E+00     0.000E+00     0.000E+00
      1.096E-01     0.000E+00     0.000E+00     0.000E+00
      1.202E-01     0.000E+00     0.000E+00     0.000E+00
      1.318E-01     0.000E+00     0.000E+00     0.000E+00
      1.445E-01     0.000E+00     0.000E+00     0.000E+00
      1.585E-01     0.000E+00     0.000E+00     0.000E+00
      1.738E-01     6.688E-33     0.000E+00     0.000E+00
      1.905E-01     6.670E-32     2.126E-29     3.187E+04
      2.089E-01     1.023E-30     1.202E-30     1.175E+02
      2.291E-01     9.510E-30     9.451E-26     9.938E+05
      2.512E-01     5.141E-33     3.528E-29     6.863E+05
      2.754E-01     8.621E-13     0.000E+00     0.000E+00
      3.020E-01     2.056E-30     2.902E-29     1.412E+03
      3.311E-01     7.271E-30     1.638E-29     2.253E+02
      3.631E-01     8.649E-15     0.000E+00     0.000E+00
      3.981E-01     1.799E-30     7.741E-30     4.303E+02
      4.365E-01     6.076E-30     1.971E-25     3.244E+06
      4.786E-01     1.102E-30     3.085E-22     2.800E+10
      5.248E-01     3.676E-11     0.000E+00     0.000E+00
      5.754E-01     4.707E-28     3.439E-23     7.307E+06
      6.310E-01     1.365E-28     3.399E-22     2.490E+08
      6.918E-01     4.098E-27     1.990E-29     4.856E-01
      7.586E-01     2.312E-27     0.000E+00     0.000E+00
      8.318E-01     3.309E-13     0.000E+00     0.000E+00
      9.120E-01     2.618E-29     5.454E-30     2.084E+01
