   0.000E+00  5.000E-01  1.000E-30  1.000E-90  0.000E+00  0.000E+00  0.000E+00  0.000E+00  0.000E+00  0.000E+00  0.000E+00
   1.000E+00  1.024E+00  9.863E-30  5.757E-31  5.836E+00  9.863E-30  5.756E-31  5.836E+00  2.774E-34  9.462E-37  0.000E+00
   1.047E+00  1.072E+00  1.000E-30  1.000E-90  0.000E+00  0.000E+00  0.000E+00  0.000E+00  0.000E+00  0.000E+00  0.000E+00
   1.096E+00  1.122E+00  1.000E-30  1.000E-90  0.000E+00  0.000E+00  0.000E+00  0.000E+00  0.000E+00  0.000E+00  0.000E+00
   1.148E+00  1.175E+00  1.000E-30  1.000E-90  0.000E+00  0.000E+00  0.000E+00  0.000E+00  0.000E+00  0.000E+00  0.000E+00
   1.202E+00  1.231E+00  8.486E-28  4.511E-30  5.316E-01  8.485E-28  4.474E-30  5.272E-01  1.067E-31  1.339E-34  0.000E+00
   1.259E+00  1.289E+00  1.000E-30  1.000E-90  0.000E+00  0.000E+00  0.000E+00  0.000E+00  0.000E+00  0.000E+00  0.000E+00
   1.318E+00  1.349E+00  1.000E-30  1.000E-90  0.000E+00  0.000E+00  0.000E+00  0.000E+00  0.000E+00  0.000E+00  0.000E+00
   1.380E+00  1.413E+00  1.000E-30  4.776E-40  6.750E+01  0.000E+00  0.000E+00  0.000E+00  0.000E+00  7.075E-40  0.000E+00
   1.445E+00  1.480E+00  9.432E-29  1.532E-30  1.625E+00  9.431E-29  1.531E-30  1.623E+00  1.730E-32  1.613E-35  0.000E+00
   1.514E+00  1.549E+00  1.819E-29  1.228E-29  6.750E+01  1.819E-29  1.228E-29  6.750E+01  0.000E+00  0.000E+00  0.000E+00
   1.585E+00  1.622E+00  1.000E-30  1.000E-90  0.000E+00  0.000E+00  0.000E+00  0.000E+00  0.000E+00  0.000E+00  0.000E+00
   1.660E+00  1.699E+00  3.668E-30  3.271E-31  8.917E+00  3.665E-30  3.271E-31  8.924E+00  3.123E-33  4.656E-37  0.000E+00
   1.738E+00  1.779E+00  2.890E-26  1.602E-29  5.543E-02  2.887E-26  0.000E+00  0.000E+00  3.068E-29  4.868E-33  0.000E+00
   1.820E+00  1.863E+00  1.000E-30  1.463E-38  6.750E+01  0.000E+00  0.000E+00  0.000E+00  0.000E+00  2.167E-38  0.000E+00
   1.905E+00  1.950E+00  1.000E-30  1.000E-90  0.000E+00  0.000E+00  0.000E+00  0.000E+00  0.000E+00  0.000E+00  0.000E+00
   1.995E+00  2.042E+00  6.423E-29  1.146E-30  1.784E+00  6.422E-29  1.145E-30  1.783E+00  1.299E-32  1.178E-35  0.000E+00
   2.089E+00  2.139E+00  1.000E-30  2.334E-41  6.750E+01  0.000E+00  0.000E+00  0.000E+00  0.000E+00  3.458E-41  0.000E+00
   2.188E+00  2.239E+00  1.000E-30  8.339E-41  6.750E+01  1.235E-40  8.339E-41  6.750E+01  0.000E+00  0.000E+00  0.000E+00
   2.291E+00  2.345E+00  2.925E-26  2.538E-29  8.677E-02  2.923E-26  1.570E-29  5.372E-02  2.202E-29  5.093E-33  0.000E+00
   2.399E+00  2.455E+00  1.000E-30  1.000E-90  0.000E+00  0.000E+00  0.000E+00  0.000E+00  0.000E+00  0.000E+00  0.000E+00
   2.512E+00  2.571E+00  2.582E-29  7.824E-31  3.030E+00  2.582E-29  7.822E-31  3.030E+00  2.909E-33  9.403E-36  0.000E+00
   2.630E+00  2.692E+00  3.745E-30  2.528E-30  6.750E+01  3.745E-30  2.528E-30  6.750E+01  0.000E+00  0.000E+00  0.000E+00
   2.754E+00  2.819E+00  1.000E-30  1.000E-90  0.000E+00  0.000E+00  0.000E+00  0.000E+00  0.000E+00  0.000E+00  0.000E+00
   2.884E+00  2.952E+00  7.649E-27  1.690E-29  2.209E-01  7.641E-27  1.607E-29  2.104E-01  8.033E-30  1.344E-33  0.000E+00
   3.020E+00  3.091E+00  1.000E-30  1.000E-90  0.000E+00  0.000E+00  0.000E+00  0.000E+00  0.000E+00  0.000E+00  0.000E+00
   3.162E+00  3.237E+00  1.000E-30  1.619E-40  6.750E+01  0.000E+00  0.000E+00  0.000E+00  0.000E+00  2.399E-40  0.000E+00
   3.311E+00  3.389E+00  2.693E-29  3.306E-30  1.227E+01  2.693E-29  3.306E-30  1.228E+01  4.615E-33  6.470E-36  0.000E+00
   3.467E+00  3.549E+00  1.000E-30  1.390E-38  6.750E+01  0.000E+00  0.000E+00  0.000E+00  0.000E+00  2.059E-38  0.000E+00
   3.631E+00  3.716E+00  9.095E-27  1.844E-29  2.027E-01  9.085E-27  1.737E-29  1.912E-01  1.058E-29  1.509E-33  0.000E+00
   3.802E+00  3.891E+00  1.000E-30  4.197E-40  6.750E+01  0.000E+00  0.000E+00  0.000E+00  0.000E+00  6.218E-40  0.000E+00
   3.981E+00  4.075E+00  1.000E-30  1.019E-36  6.750E+01  2.626E-41  1.772E-41  6.750E+01  0.000E+00  1.509E-36  0.000E+00
   4.169E+00  4.267E+00  1.000E-30  1.000E-90  0.000E+00  0.000E+00  0.000E+00  0.000E+00  0.000E+00  0.000E+00  0.000E+00
   4.365E+00  4.468E+00  3.172E-28  3.739E-30  1.179E+00  3.161E-28  3.733E-30  1.181E+00  1.068E-30  4.576E-35  0.000E+00
   4.571E+00  4.679E+00  1.000E-30  5.453E-37  6.519E+01  0.000E+00  0.000E+00  0.000E+00  0.000E+00  8.365E-37  0.000E+00
   4.786E+00  4.899E+00  3.159E-28  3.728E-30  1.180E+00  3.149E-28  3.722E-30  1.182E+00  1.020E-30  3.850E-35  0.000E+00
   5.012E+00  5.130E+00  7.912E-30  3.830E-30  4.841E+01  7.912E-30  3.830E-30  4.841E+01  0.000E+00  0.000E+00  0.000E+00
   5.248E+00  5.372E+00  7.308E-28  5.907E-30  8.083E-01  7.247E-28  5.887E-30  8.123E-01  6.107E-30  1.039E-34  0.000E+00
   5.495E+00  5.625E+00  4.306E-30  2.546E-30  5.912E+01  4.306E-30  2.546E-30  5.912E+01  0.000E+00  1.324E-36  0.000E+00
   5.754E+00  5.890E+00  8.217E-29  2.107E-30  2.565E+00  8.190E-29  2.107E-30  2.572E+00  2.735E-31  1.345E-35  0.000E+00
   6.026E+00  6.168E+00  3.763E-28  6.306E-30  1.676E+00  3.740E-28  6.301E-30  1.685E+00  2.360E-30  8.833E-36  0.000E+00
   6.310E+00  6.458E+00  4.161E-25  1.000E-90  0.000E+00  4.139E-25  0.000E+00  0.000E+00  2.284E-27  1.062E-32  0.000E+00
   6.607E+00  6.763E+00  2.106E-27  1.497E-29  7.107E-01  2.102E-27  1.490E-29  7.086E-01  3.401E-30  9.058E-35  0.000E+00
   6.918E+00  7.081E+00  7.794E-25  1.000E-90  0.000E+00  7.782E-25  0.000E+00  0.000E+00  1.245E-27  3.701E-32  0.000E+00
   7.244E+00  7.415E+00  1.116E-25  5.980E-29  5.361E-02  1.114E-25  0.000E+00  0.000E+00  1.770E-28  4.640E-33  0.000E+00
   7.586E+00  7.765E+00  6.136E-30  2.458E-30  4.007E+01  6.136E-30  2.458E-30  4.007E+01  0.000E+00  1.433E-37  0.000E+00
   7.943E+00  8.130E+00  9.201E-30  3.626E-30  3.941E+01  6.405E-30  3.097E-30  4.834E+01  0.000E+00  2.796E-30  0.000E+00
   8.318E+00  8.514E+00  8.549E-27  5.770E-27  6.749E+01  1.098E-30  7.393E-31  6.731E+01  0.000E+00  8.548E-27  0.000E+00
   8.710E+00  8.915E+00  5.538E-30  2.714E-30  4.901E+01  5.538E-30  2.714E-30  4.901E+01  0.000E+00  1.733E-36  0.000E+00
   9.120E+00  9.335E+00  1.978E-30  1.331E-30  6.730E+01  1.978E-30  1.331E-30  6.730E+01  0.000E+00  1.916E-36  0.000E+00
   9.550E+00  9.775E+00  4.115E-30  2.135E-30  5.188E+01  4.115E-30  2.135E-30  5.188E+01  0.000E+00  3.027E-36  0.000E+00
   1.000E+01  1.024E+01  2.728E-30  1.314E-30  4.815E+01  2.728E-30  1.314E-30  4.815E+01  0.000E+00  1.351E-36  0.000E+00
   1.047E+01  1.072E+01  4.481E-30  2.063E-30  4.603E+01  4.481E-30  2.063E-30  4.603E+01  0.000E+00  1.269E-36  0.000E+00
   1.096E+01  1.122E+01  1.570E-30  1.024E-30  6.521E+01  1.570E-30  1.024E-30  6.522E+01  0.000E+00  1.080E-35  0.000E+00
   1.148E+01  1.175E+01  6.182E-30  2.378E-30  3.847E+01  6.182E-30  2.378E-30  3.847E+01  0.000E+00  5.161E-36  0.000E+00
   1.202E+01  1.231E+01  2.399E-30  1.139E-30  4.745E+01  2.399E-30  1.139E-30  4.745E+01  0.000E+00  3.053E-37  0.000E+00
   1.259E+01  1.289E+01  5.798E-26  2.415E-26  4.165E+01  1.264E-29  3.572E-30  2.827E+01  5.797E-26  3.654E-36  0.000E+00
   1.318E+01  1.349E+01  8.761E-24  1.073E-24  1.224E+01  2.507E-30  1.063E-30  4.241E+01  8.761E-24  4.408E-36  0.000E+00
   1.380E+01  1.413E+01  2.269E-21  5.753E-23  2.536E+00  7.245E-30  2.038E-30  2.813E+01  2.268E-21  6.559E-25  0.000E+00
   1.445E+01  1.480E+01  7.427E-30  3.091E-30  4.163E+01  3.237E-30  1.248E-30  3.856E+01  0.000E+00  4.190E-30  0.000E+00
   1.514E+01  1.549E+01  3.927E-28  2.605E-28  6.633E+01  6.807E-30  2.186E-30  3.211E+01  0.000E+00  3.859E-28  0.000E+00
   1.585E+01  1.622E+01  6.060E-30  1.965E-30  3.242E+01  6.060E-30  1.965E-30  3.242E+01  0.000E+00  6.688E-36  0.000E+00
   1.660E+01  1.699E+01  7.740E-23  4.225E-23  5.459E+01  1.700E-23  1.137E-23  6.687E+01  0.000E+00  6.039E-23  0.000E+00
   1.738E+01  1.779E+01  1.073E-19  3.139E-20  2.927E+01  1.685E-29  7.370E-30  4.372E+01  0.000E+00  1.073E-19  0.000E+00
   1.820E+01  1.863E+01  5.890E-21  3.976E-21  6.750E+01  9.322E-30  2.169E-30  2.327E+01  0.000E+00  5.890E-21  0.000E+00
   1.905E+01  1.950E+01  1.511E-22  5.364E-23  3.551E+01  1.511E-22  5.364E-23  3.551E+01  0.000E+00  2.006E-33  0.000E+00
   1.995E+01  2.042E+01  8.435E-15  5.280E-15  6.260E+01  8.435E-15  5.280E-15  6.260E+01  1.832E-20  4.231E-20  0.000E+00
   2.089E+01  2.139E+01  7.763E-14  2.635E-14  3.394E+01  7.756E-14  2.635E-14  3.397E+01  7.208E-17  5.707E-20  0.000E+00
   2.188E+01  2.239E+01  6.759E-13  2.822E-13  4.174E+01  6.759E-13  2.822E-13  4.175E+01  3.670E-18  3.785E-19  0.000E+00
   2.291E+01  2.345E+01  2.289E-11  1.008E-11  4.404E+01  2.288E-11  1.008E-11  4.406E+01  9.377E-15  1.130E-18  0.000E+00
   2.399E+01  2.455E+01  6.107E-11  2.328E-11  3.812E+01  6.106E-11  2.328E-11  3.813E+01  7.829E-15  8.682E-18  0.000E+00
   2.512E+01  2.571E+01  1.537E-10  7.511E-11  4.888E+01  1.536E-10  7.511E-11  4.891E+01  8.805E-14  6.103E-17  0.000E+00
   2.630E+01  2.692E+01  2.723E-10  7.574E-11  2.781E+01  2.721E-10  7.574E-11  2.783E+01  1.785E-13  5.269E-17  0.000E+00
   2.754E+01  2.819E+01  6.149E-10  1.985E-10  3.229E+01  6.142E-10  1.985E-10  3.232E+01  7.175E-13  1.769E-16  0.000E+00
   2.884E+01  2.952E+01  1.636E-09  2.125E-10  1.299E+01  1.636E-09  2.125E-10  1.299E+01  3.499E-13  4.276E-16  0.000E+00
   3.020E+01  3.091E+01  2.527E-09  2.166E-10  8.572E+00  2.527E-09  2.166E-10  8.573E+00  5.204E-13  7.582E-16  0.000E+00
   3.162E+01  3.237E+01  4.952E-09  4.361E-10  8.808E+00  4.950E-09  4.361E-10  8.810E+00  1.145E-12  1.390E-15  0.000E+00
   3.311E+01  3.389E+01  9.943E-09  6.847E-10  6.886E+00  9.940E-09  6.847E-10  6.888E+00  3.225E-12  3.083E-15  0.000E+00
   3.467E+01  3.549E+01  1.693E-08  7.952E-10  4.696E+00  1.693E-08  7.951E-10  4.697E+00  6.997E-12  5.071E-15  0.000E+00
   3.631E+01  3.716E+01  3.007E-08  1.180E-09  3.923E+00  3.006E-08  1.180E-09  3.924E+00  6.259E-12  7.868E-15  0.000E+00
   3.802E+01  3.891E+01  4.719E-08  1.614E-09  3.421E+00  4.717E-08  1.614E-09  3.421E+00  2.085E-11  1.211E-14  0.000E+00
   3.981E+01  4.075E+01  6.711E-08  1.876E-09  2.795E+00  6.710E-08  1.875E-09  2.795E+00  1.509E-11  1.660E-14  0.000E+00
   4.169E+01  4.267E+01  1.029E-07  2.468E-09  2.399E+00  1.028E-07  2.467E-09  2.398E+00  2.644E-11  2.446E-14  0.000E+00
   4.365E+01  4.468E+01  1.346E-07  2.697E-09  2.003E+00  1.346E-07  2.695E-09  2.002E+00  3.526E-11  3.643E-14  0.000E+00
   4.571E+01  4.679E+01  1.711E-07  2.901E-09  1.696E+00  1.711E-07  2.899E-09  1.695E+00  4.952E-11  4.838E-14  0.000E+00
   4.786E+01  4.899E+01  2.329E-07  3.653E-09  1.569E+00  2.328E-07  3.649E-09  1.567E+00  5.202E-11  5.974E-14  0.000E+00
   5.012E+01  5.130E+01  2.920E-07  4.021E-09  1.377E+00  2.919E-07  4.016E-09  1.376E+00  7.367E-11  7.566E-14  0.000E+00
   5.248E+01  5.372E+01  3.742E-07  4.631E-09  1.238E+00  3.741E-07  4.624E-09  1.236E+00  8.819E-11  8.992E-14  0.000E+00
   5.495E+01  5.625E+01  4.511E-07  5.268E-09  1.168E+00  4.510E-07  5.259E-09  1.166E+00  1.057E-10  1.108E-13  0.000E+00
   5.754E+01  5.890E+01  5.400E-07  5.603E-09  1.038E+00  5.398E-07  5.591E-09  1.036E+00  1.448E-10  1.283E-13  0.000E+00
   6.026E+01  6.168E+01  6.215E-07  5.918E-09  9.522E-01  6.213E-07  5.903E-09  9.500E-01  1.693E-10  1.542E-13  0.000E+00
   6.310E+01  6.458E+01  7.273E-07  6.437E-09  8.851E-01  7.271E-07  6.418E-09  8.827E-01  2.076E-10  1.816E-13  0.000E+00
   6.607E+01  6.763E+01  8.051E-07  6.726E-09  8.354E-01  8.049E-07  6.703E-09  8.328E-01  2.304E-10  3.545E-13  0.000E+00
   6.918E+01  7.081E+01  8.808E-07  7.024E-09  7.975E-01  8.806E-07  6.998E-09  7.947E-01  2.204E-10  1.655E-13  0.000E+00
   7.244E+01  7.415E+01  9.982E-07  7.364E-09  7.378E-01  9.980E-07  7.333E-09  7.348E-01  2.298E-10  1.758E-13  0.000E+00
   7.586E+01  7.765E+01  1.031E-06  7.429E-09  7.204E-01  1.031E-06  7.396E-09  7.173E-01  2.201E-10  3.644E-13  0.000E+00
   7.943E+01  8.130E+01  1.123E-06  7.528E-09  6.700E-01  1.123E-06  7.489E-09  6.667E-01  2.433E-10  1.483E-13  0.000E+00
   8.318E+01  8.514E+01  1.223E-06  7.902E-09  6.458E-01  1.223E-06  7.858E-09  6.424E-01  2.478E-10  1.580E-13  0.000E+00
   8.710E+01  8.915E+01  1.240E-06  7.625E-09  6.150E-01  1.240E-06  7.578E-09  6.114E-01  2.747E-10  1.687E-13  0.000E+00
   9.120E+01  9.335E+01  1.291E-06  7.871E-09  6.096E-01  1.291E-06  7.821E-09  6.059E-01  3.256E-10  1.686E-13  0.000E+00
   9.550E+01  9.775E+01  1.313E-06  7.567E-09  5.764E-01  1.312E-06  7.514E-09  5.725E-01  3.308E-10  1.742E-13  0.000E+00
   1.000E+02  1.024E+02  1.357E-06  1.668E-08  1.229E+00  1.357E-06  1.665E-08  1.228E+00  4.004E-10  1.753E-13  0.000E+00
   1.047E+02  1.072E+02  1.402E-06  1.698E-08  1.211E+00  1.401E-06  1.695E-08  1.210E+00  4.305E-10  1.820E-13  0.000E+00
   1.096E+02  1.122E+02  1.409E-06  1.670E-08  1.185E+00  1.409E-06  1.667E-08  1.184E+00  5.044E-10  1.726E-13  0.000E+00
   1.148E+02  1.175E+02  1.402E-06  1.680E-08  1.198E+00  1.401E-06  1.677E-08  1.197E+00  5.639E-10  1.705E-13  0.000E+00
   1.202E+02  1.231E+02  1.428E-06  1.725E-08  1.208E+00  1.426E-06  1.723E-08  1.208E+00  1.386E-09  1.708E-13  0.000E+00
   1.259E+02  1.289E+02  1.376E-06  1.633E-08  1.187E+00  1.376E-06  1.630E-08  1.185E+00  5.744E-11  1.762E-13  0.000E+00
   1.318E+02  1.349E+02  1.373E-06  1.582E-08  1.152E+00  1.373E-06  1.580E-08  1.150E+00  2.592E-10  1.539E-13  0.000E+00
   1.380E+02  1.413E+02  1.409E-06  1.613E-08  1.145E+00  1.409E-06  1.610E-08  1.143E+00  8.062E-13  1.637E-13  0.000E+00
   1.445E+02  1.480E+02  1.329E-06  1.537E-08  1.156E+00  1.329E-06  1.534E-08  1.154E+00  4.833E-13  1.697E-13  0.000E+00
   1.514E+02  1.549E+02  1.754E-06  1.521E-08  8.673E-01  1.754E-06  1.516E-08  8.646E-01  1.056E-12  1.545E-13  0.000E+00
   1.585E+02  1.622E+02  1.068E-06  1.318E-08  1.234E+00  1.068E-06  1.316E-08  1.232E+00  1.746E-12  1.538E-13  0.000E+00
   1.660E+02  1.699E+02  1.072E-06  1.313E-08  1.225E+00  1.072E-06  1.311E-08  1.223E+00  3.978E-13  1.541E-13  0.000E+00
   1.738E+02  1.779E+02  1.040E-06  1.223E-08  1.176E+00  1.040E-06  1.221E-08  1.174E+00  8.817E-12  1.533E-13  0.000E+00
   1.820E+02  1.863E+02  1.033E-06  1.257E-08  1.217E+00  1.033E-06  1.255E-08  1.215E+00  3.153E-13  1.438E-13  0.000E+00
   1.905E+02  1.950E+02  1.009E-06  1.161E-08  1.150E+00  1.009E-06  1.159E-08  1.148E+00  1.131E-12  1.458E-13  0.000E+00
   1.995E+02  2.042E+02  1.008E-06  1.169E-08  1.160E+00  1.008E-06  1.167E-08  1.158E+00  3.316E-12  1.349E-13  0.000E+00
   2.089E+02  2.139E+02  9.736E-07  1.109E-08  1.139E+00  9.736E-07  1.107E-08  1.137E+00  6.941E-14  1.364E-13  0.000E+00
   2.188E+02  2.239E+02  9.791E-07  1.139E-08  1.163E+00  9.791E-07  1.137E-08  1.161E+00  4.799E-13  1.302E-13  0.000E+00
   2.291E+02  2.345E+02  9.283E-07  1.058E-08  1.140E+00  9.283E-07  1.056E-08  1.138E+00  1.204E-11  1.306E-13  0.000E+00
   2.399E+02  2.455E+02  8.983E-07  1.007E-08  1.121E+00  8.983E-07  1.005E-08  1.119E+00  1.282E-12  1.167E-13  0.000E+00
   2.512E+02  2.571E+02  8.837E-07  1.014E-08  1.148E+00  8.837E-07  1.013E-08  1.146E+00  2.230E-12  1.153E-13  0.000E+00
   2.630E+02  2.692E+02  1.059E-06  9.400E-09  8.880E-01  1.059E-06  9.372E-09  8.854E-01  8.862E-13  1.122E-13  0.000E+00
   2.754E+02  2.819E+02  7.737E-07  8.879E-09  1.148E+00  7.737E-07  8.863E-09  1.146E+00  1.230E-12  9.963E-14  0.000E+00
   2.884E+02  2.952E+02  7.536E-07  8.672E-09  1.151E+00  7.536E-07  8.656E-09  1.149E+00  5.970E-12  1.018E-13  0.000E+00
   3.020E+02  3.091E+02  7.260E-07  8.399E-09  1.157E+00  7.260E-07  8.385E-09  1.155E+00  1.119E-12  1.012E-13  0.000E+00
   3.162E+02  3.237E+02  6.810E-07  7.954E-09  1.168E+00  6.810E-07  7.940E-09  1.166E+00  1.585E-12  9.614E-14  0.000E+00
   3.311E+02  3.389E+02  6.623E-07  7.640E-09  1.154E+00  6.623E-07  7.626E-09  1.152E+00  9.876E-12  9.492E-14  0.000E+00
   3.467E+02  3.549E+02  6.537E-07  7.745E-09  1.185E+00  6.537E-07  7.732E-09  1.183E+00  9.538E-12  8.435E-14  0.000E+00
   3.631E+02  3.716E+02  6.133E-07  6.983E-09  1.139E+00  6.132E-07  6.970E-09  1.137E+00  1.012E-11  8.125E-14  0.000E+00
   3.802E+02  3.891E+02  6.031E-07  6.998E-09  1.160E+00  6.031E-07  6.986E-09  1.158E+00  6.903E-14  7.997E-14  0.000E+00
   3.981E+02  4.075E+02  5.980E-07  6.914E-09  1.156E+00  5.980E-07  6.901E-09  1.154E+00  9.766E-13  7.777E-14  0.000E+00
   4.169E+02  4.267E+02  5.862E-07  6.925E-09  1.181E+00  5.862E-07  6.914E-09  1.179E+00  2.390E-12  7.169E-14  0.000E+00
   4.365E+02  4.468E+02  5.386E-07  6.207E-09  1.152E+00  5.386E-07  6.196E-09  1.150E+00  9.962E-13  6.997E-14  0.000E+00
   4.571E+02  4.679E+02  5.276E-07  6.141E-09  1.164E+00  5.276E-07  6.130E-09  1.162E+00  8.611E-13  6.829E-14  0.000E+00
   4.786E+02  4.899E+02  7.071E-07  5.842E-09  8.263E-01  7.071E-07  5.822E-09  8.234E-01  2.086E-13  6.490E-14  0.000E+00
   5.012E+02  5.130E+02  4.610E-07  5.282E-09  1.146E+00  4.610E-07  5.273E-09  1.144E+00  7.124E-14  1.258E-13  0.000E+00
   5.248E+02  5.372E+02  3.927E-07  4.820E-09  1.227E+00  3.927E-07  4.812E-09  1.226E+00  1.957E-12  1.506E-14  0.000E+00
   5.495E+02  5.625E+02  3.754E-07  4.624E-09  1.232E+00  3.754E-07  4.617E-09  1.230E+00  2.038E-12  1.282E-14  0.000E+00
   5.754E+02  5.890E+02  3.817E-07  4.735E-09  1.240E+00  3.817E-07  4.728E-09  1.239E+00  1.005E-12  1.317E-14  0.000E+00
   6.026E+02  6.168E+02  3.596E-07  4.537E-09  1.262E+00  3.596E-07  4.530E-09  1.260E+00  1.127E-15  1.358E-14  0.000E+00
   6.310E+02  6.458E+02  3.479E-07  4.320E-09  1.242E+00  3.479E-07  4.314E-09  1.240E+00  3.068E-13  1.413E-14  0.000E+00
   6.607E+02  6.763E+02  3.332E-07  4.194E-09  1.259E+00  3.332E-07  4.188E-09  1.257E+00  1.103E-12  1.288E-14  0.000E+00
   6.918E+02  7.081E+02  3.374E-07  4.158E-09  1.232E+00  3.374E-07  4.152E-09  1.230E+00  5.365E-12  1.304E-14  0.000E+00
   7.244E+02  7.415E+02  7.055E-07  4.839E-09  6.859E-01  7.055E-07  4.815E-09  6.825E-01  0.000E+00  1.087E-14  0.000E+00
   7.586E+02  7.765E+02  2.638E-07  3.462E-09  1.312E+00  2.638E-07  3.457E-09  1.310E+00  0.000E+00  1.054E-14  0.000E+00
   7.943E+02  8.130E+02  8.798E-07  4.692E-09  5.334E-01  8.798E-07  4.654E-09  5.290E-01  0.000E+00  1.140E-14  0.000E+00
   8.318E+02  8.514E+02  5.891E-07  2.401E-09  4.076E-01  5.891E-07  2.367E-09  4.018E-01  0.000E+00  1.181E-14  0.000E+00
   8.710E+02  8.915E+02  9.343E-08  1.459E-09  1.562E+00  9.343E-08  1.458E-09  1.560E+00  0.000E+00  1.052E-14  0.000E+00
   9.120E+02  9.335E+02  9.031E-08  1.413E-09  1.564E+00  9.031E-08  1.411E-09  1.563E+00  0.000E+00  1.110E-14  0.000E+00
   9.550E+02  9.775E+02  9.219E-08  1.450E-09  1.573E+00  9.219E-08  1.449E-09  1.572E+00  0.000E+00  1.057E-14  0.000E+00
   1.000E+03  1.024E+03  1.555E-07  1.530E-09  9.838E-01  1.555E-07  1.526E-09  9.814E-01  0.000E+00  1.002E-14  0.000E+00
   1.047E+03  1.072E+03  6.928E-08  1.177E-09  1.698E+00  6.928E-08  1.176E-09  1.697E+00  0.000E+00  1.069E-14  0.000E+00
   1.096E+03  1.122E+03  7.273E-08  1.212E-09  1.666E+00  7.273E-08  1.211E-09  1.664E+00  0.000E+00  1.021E-14  0.000E+00
   1.148E+03  1.175E+03  8.252E-08  1.223E-09  1.482E+00  8.252E-08  1.221E-09  1.480E+00  0.000E+00  1.502E-13  0.000E+00
   1.202E+03  1.231E+03  3.905E-07  1.790E-09  4.584E-01  3.905E-07  1.770E-09  4.533E-01  0.000E+00  6.120E-17  0.000E+00
   1.259E+03  1.289E+03  3.461E-08  8.464E-10  2.446E+00  3.461E-08  8.461E-10  2.445E+00  0.000E+00  2.737E-17  0.000E+00
   1.318E+03  1.349E+03  5.349E-08  8.951E-10  1.673E+00  5.349E-08  8.944E-10  1.672E+00  0.000E+00  6.609E-17  0.000E+00
   1.380E+03  1.413E+03  3.257E-08  8.015E-10  2.461E+00  3.257E-08  8.012E-10  2.460E+00  0.000E+00  4.764E-17  0.000E+00
   1.445E+03  1.480E+03  3.296E-08  8.678E-10  2.633E+00  3.296E-08  8.675E-10  2.632E+00  0.000E+00  1.284E-15  0.000E+00
   1.514E+03  1.549E+03  1.424E-07  1.640E-09  1.151E+00  1.424E-07  1.637E-09  1.149E+00  0.000E+00  0.000E+00  0.000E+00
   1.585E+03  1.622E+03  1.999E-08  4.849E-10  2.426E+00  1.999E-08  4.848E-10  2.425E+00  0.000E+00  1.268E-21  0.000E+00
   1.660E+03  1.699E+03  1.947E-08  4.439E-10  2.280E+00  1.947E-08  4.437E-10  2.279E+00  0.000E+00  0.000E+00  0.000E+00
   1.738E+03  1.779E+03  1.000E-07  7.909E-10  7.906E-01  1.000E-07  7.880E-10  7.877E-01  0.000E+00  7.678E-17  0.000E+00
   1.820E+03  1.863E+03  1.310E-08  3.590E-10  2.741E+00  1.310E-08  3.588E-10  2.740E+00  0.000E+00  0.000E+00  0.000E+00
   1.905E+03  1.950E+03  1.674E-08  3.940E-10  2.354E+00  1.674E-08  3.938E-10  2.353E+00  0.000E+00  4.877E-22  0.000E+00
   1.995E+03  2.042E+03  6.378E-08  6.039E-10  9.468E-01  6.378E-08  6.023E-10  9.444E-01  0.000E+00  1.115E-22  0.000E+00
   2.089E+03  2.139E+03  1.100E-08  3.098E-10  2.817E+00  1.100E-08  3.097E-10  2.816E+00  0.000E+00  0.000E+00  0.000E+00
   2.188E+03  2.239E+03  1.041E-08  2.784E-10  2.675E+00  1.041E-08  2.783E-10  2.675E+00  0.000E+00  0.000E+00  0.000E+00
   2.291E+03  2.345E+03  8.608E-09  2.729E-10  3.170E+00  8.608E-09  2.728E-10  3.169E+00  0.000E+00  3.061E-20  0.000E+00
   2.399E+03  2.455E+03  8.089E-09  2.512E-10  3.106E+00  8.089E-09  2.512E-10  3.105E+00  0.000E+00  5.703E-20  0.000E+00
   2.512E+03  2.571E+03  9.053E-08  6.739E-10  7.444E-01  9.053E-08  6.710E-10  7.412E-01  0.000E+00  3.449E-22  0.000E+00
   2.630E+03  2.692E+03  3.615E-09  1.649E-10  4.562E+00  3.615E-09  1.649E-10  4.561E+00  0.000E+00  2.910E-17  0.000E+00
   2.754E+03  2.819E+03  3.544E-09  1.566E-10  4.418E+00  3.544E-09  1.566E-10  4.418E+00  0.000E+00  0.000E+00  0.000E+00
   2.884E+03  2.952E+03  7.995E-09  2.088E-10  2.612E+00  7.995E-09  2.087E-10  2.611E+00  0.000E+00  0.000E+00  0.000E+00
   3.020E+03  3.091E+03  2.950E-09  1.433E-10  4.860E+00  2.950E-09  1.433E-10  4.859E+00  0.000E+00  0.000E+00  0.000E+00
   3.162E+03  3.237E+03  6.175E-08  5.218E-10  8.451E-01  6.175E-08  5.201E-10  8.423E-01  0.000E+00  1.598E-30  0.000E+00
   3.311E+03  3.389E+03  3.992E-09  1.342E-10  3.360E+00  3.992E-09  1.341E-10  3.360E+00  0.000E+00  0.000E+00  0.000E+00
   3.467E+03  3.549E+03  1.001E-09  6.369E-11  6.361E+00  1.001E-09  6.369E-11  6.360E+00  0.000E+00  0.000E+00  0.000E+00
   3.631E+03  3.716E+03  1.000E-30  1.000E-90  0.000E+00  0.000E+00  0.000E+00  0.000E+00  0.000E+00  0.000E+00  0.000E+00
   3.802E+03  3.891E+03  1.000E-30  1.000E-90  0.000E+00  0.000E+00  0.000E+00  0.000E+00  0.000E+00  0.000E+00  0.000E+00
   3.981E+03  4.075E+03  1.000E-30  1.000E-90  0.000E+00  0.000E+00  0.000E+00  0.000E+00  0.000E+00  0.000E+00  0.000E+00
   4.169E+03  4.267E+03  1.000E-30  1.000E-90  0.000E+00  0.000E+00  0.000E+00  0.000E+00  0.000E+00  0.000E+00  0.000E+00
   4.365E+03  4.468E+03  1.000E-30  1.000E-90  0.000E+00  0.000E+00  0.000E+00  0.000E+00  0.000E+00  0.000E+00  0.000E+00
   4.571E+03  4.679E+03  1.000E-30  1.000E-90  0.000E+00  0.000E+00  0.000E+00  0.000E+00  0.000E+00  0.000E+00  0.000E+00
   4.786E+03  4.899E+03  1.000E-30  1.000E-90  0.000E+00  0.000E+00  0.000E+00  0.000E+00  0.000E+00  0.000E+00  0.000E+00
   5.012E+03  5.025E+05  1.000E-30  1.000E-90  0.000E+00  0.000E+00  0.000E+00  0.000E+00  0.000E+00  0.000E+00  0.000E+00
      1.096E-02     0.000E+00     0.000E+00     0.000E+00
      1.202E-02     0.000E+00     0.000E+00     0.000E+00
      1.318E-02     0.000E+00     0.000E+00     0.000E+00
      1.445E-02     0.000E+00     0.000E+00     0.000E+00
      1.585E-02     0.000E+00     0.000E+00     0.000E+00
      1.738E-02     0.000E+00     0.000E+00     0.000E+00
      1.905E-02     0.000E+00     0.000E+00     0.000E+00
      2.089E-02     0.000E+00     0.000E+00     0.000E+00
      2.291E-02     0.000E+00     0.000E+00     0.000E+00
      2.512E-02     0.000E+00     0.000E+00     0.000E+00
      2.754E-02     0.000E+00     0.000E+00     0.000E+00
      3.020E-02     0.000E+00     0.000E+00     0.000E+00
      3.311E-02     0.000E+00     0.000E+00     0.000E+00
      3.631E-02     0.000E+00     0.000E+00     0.000E+00
      3.981E-02     0.000E+00     0.000E+00     0.000E+00
      4.365E-02     0.000E+00     0.000E+00     0.000E+00
      4.786E-02     0.000E+00     0.000E+00     0.000E+00
      5.248E-02     0.000E+00     0.000E+00     0.000E+00
      5.754E-02     0.000E+00     0.000E+00     0.000E+00
      6.310E-02     0.000E+00     0.000E+00     0.000E+00
      6.918E-02     0.000E+00     0.000E+00     0.000E+00
      7.586E-02     0.000E+00     0.000E+00     0.000E+00
      8.318E-02     0.000E+00     0.000E+00     0.000E+00
      9.120E-02     0.000E+00     0.000E+00     0.000E+00
      1.000E-01     0.000E+00     0.000E+00     0.000E+00
      1.096E-01     0.000E+00     0.000E+00     0.000E+00
      1.202E-01     0.000E+00     0.000E+00     0.000E+00
      1.318E-01     0.000E+00     0.000E+00     0.000E+00
      1.445E-01     0.000E+00     0.000E+00     0.000E+00
      1.585E-01     0.000E+00     0.000E+00     0.000E+00
      1.738E-01     5.874E-32     0.000E+00     0.000E+00
      1.905E-01     6.508E-31     0.000E+00     0.000E+00
      2.089E-01     1.476E-29     0.000E+00     0.000E+00
      2.291E-01     1.388E-28     3.490E-29     2.514E+01
      2.512E-01     6.467E-32     0.000E+00     0.000E+00
      2.754E-01     2.340E-14     0.000E+00     0.000E+00
      3.020E-01     2.894E-29     3.105E-29     1.073E+02
      3.311E-01     1.123E-28     4.599E-29     4.095E+01
      3.631E-01     1.457E-14     0.000E+00     0.000E+00
      3.981E-01     2.244E-29     1.489E-29     6.636E+01
      4.365E-01     1.102E-29     4.258E-29     3.864E+02
      4.786E-01     1.411E-29     1.148E-27     8.139E+03
      5.248E-01     3.027E-12     0.000E+00     0.000E+00
      5.754E-01     1.453E-27     1.660E-27     1.143E+02
      6.310E-01     2.343E-27     6.308E-28     2.693E+01
      6.918E-01     1.434E-26     4.848E-30     3.382E-02
      7.586E-01     3.616E-26     0.000E+00     0.000E+00
      8.318E-01     2.474E-11     0.000E+00     0.000E+00
      9.120E-01     6.161E-28     1.265E-29     2.053E+00
