1.000000e+00 1.046613e+00 0.000000e+00
1.046613e+00 1.095399e+00 0.000000e+00
1.095399e+00 1.146458e+00 0.000000e+00
1.146458e+00 1.199898e+00 0.000000e+00
1.199898e+00 1.255829e+00 0.000000e+00
1.255829e+00 1.314367e+00 0.000000e+00
1.314367e+00 1.375633e+00 0.000000e+00
1.375633e+00 1.439756e+00 0.000000e+00
1.439756e+00 1.506867e+00 0.000000e+00
1.506867e+00 1.577106e+00 0.000000e+00
1.577106e+00 1.650620e+00 0.000000e+00
1.650620e+00 1.727560e+00 0.000000e+00
1.727560e+00 1.808087e+00 0.000000e+00
1.808087e+00 1.892367e+00 0.000000e+00
1.892367e+00 1.980576e+00 0.000000e+00
1.980576e+00 2.072896e+00 0.000000e+00
2.072896e+00 2.169520e+00 0.000000e+00
2.169520e+00 2.270648e+00 0.000000e+00
2.270648e+00 2.376489e+00 0.000000e+00
2.376489e+00 2.487264e+00 0.000000e+00
2.487264e+00 2.603203e+00 0.000000e+00
2.603203e+00 2.724546e+00 0.000000e+00
2.724546e+00 2.851545e+00 0.000000e+00
2.851545e+00 2.984464e+00 0.000000e+00
2.984464e+00 3.123578e+00 0.000000e+00
3.123578e+00 3.269178e+00 0.000000e+00
3.269178e+00 3.421563e+00 6.562285e+00
3.421563e+00 3.581053e+00 0.000000e+00
3.581053e+00 3.747976e+00 5.990773e+00
3.747976e+00 3.922680e+00 0.000000e+00
3.922680e+00 4.105528e+00 0.000000e+00
4.105528e+00 4.296898e+00 0.000000e+00
4.296898e+00 4.497189e+00 0.000000e+00
4.497189e+00 4.706817e+00 0.000000e+00
4.706817e+00 4.926215e+00 4.557916e+00
4.926215e+00 5.155840e+00 0.000000e+00
5.155840e+00 5.396169e+00 4.160966e+00
5.396169e+00 5.647701e+00 3.975649e+00
5.647701e+00 5.910956e+00 7.597171e+00
5.910956e+00 6.186483e+00 3.629408e+00
6.186483e+00 6.474854e+00 3.467766e+00
6.474854e+00 6.776665e+00 6.626644e+00
6.776665e+00 7.092546e+00 0.000000e+00
7.092546e+00 7.423150e+00 9.074291e+00
7.423150e+00 7.769165e+00 2.890050e+00
7.769165e+00 8.131308e+00 8.284008e+00
8.131308e+00 8.510332e+00 5.276709e+00
8.510332e+00 8.907024e+00 5.041701e+00
8.907024e+00 9.322206e+00 1.445148e+01
9.322206e+00 9.756742e+00 2.301309e+00
9.756742e+00 1.021153e+01 6.596446e+00
1.021153e+01 1.068752e+01 6.302661e+00
1.068752e+01 1.118570e+01 8.029279e+00
1.118570e+01 1.170710e+01 1.534336e+01
1.170710e+01 1.225280e+01 1.099501e+01
1.225280e+01 1.282394e+01 1.400710e+01
1.282394e+01 1.342170e+01 8.364543e+00
1.342170e+01 1.404732e+01 1.118882e+01
1.404732e+01 1.470211e+01 1.832657e+01
1.470211e+01 1.538742e+01 1.313277e+01
1.538742e+01 1.610467e+01 2.230734e+01
1.610467e+01 1.685536e+01 1.598538e+01
1.685536e+01 1.764104e+01 2.036459e+01
1.764104e+01 1.846334e+01 1.702541e+01
1.846334e+01 1.932397e+01 1.394327e+01
1.932397e+01 2.022471e+01 2.331399e+01
2.022471e+01 2.116745e+01 1.909342e+01
2.116745e+01 2.215412e+01 1.317554e+01
2.215412e+01 2.318679e+01 1.936730e+01
2.318679e+01 2.426760e+01 1.850474e+01
2.426760e+01 2.539878e+01 2.740492e+01
2.539878e+01 2.658269e+01 1.773781e+01
2.658269e+01 2.782179e+01 2.017598e+01
2.782179e+01 2.911864e+01 1.773521e+01
2.911864e+01 3.047595e+01 2.357613e+01
3.047595e+01 3.189652e+01 2.393400e+01
3.189652e+01 3.338331e+01 1.681474e+01
3.338331e+01 3.493941e+01 2.249221e+01
3.493941e+01 3.656803e+01 2.640259e+01
3.656803e+01 3.827258e+01 2.698670e+01
3.827258e+01 4.005657e+01 3.082965e+01
4.005657e+01 4.192373e+01 2.731429e+01
4.192373e+01 4.387792e+01 3.735567e+01
4.387792e+01 4.592319e+01 4.107021e+01
4.592319e+01 4.806381e+01 5.325573e+01
4.806381e+01 5.030420e+01 5.490103e+01
5.030420e+01 5.264903e+01 9.041181e+01
5.264903e+01 5.510316e+01 1.108338e+02
5.510316e+01 5.767168e+01 1.292573e+02
5.767168e+01 6.035992e+01 1.759512e+02
6.035992e+01 6.317347e+01 2.281812e+02
6.317347e+01 6.611818e+01 2.791455e+02
6.611818e+01 6.920014e+01 3.423144e+02
6.920014e+01 7.242576e+01 3.903124e+02
7.242576e+01 7.580174e+01 5.133329e+02
7.580174e+01 7.933508e+01 5.889610e+02
7.933508e+01 8.303312e+01 7.182182e+02
8.303312e+01 8.690353e+01 8.265259e+02
8.690353e+01 9.095436e+01 9.588162e+02
9.095436e+01 9.519401e+01 1.077919e+03
9.519401e+01 9.963128e+01 1.258656e+03
9.963128e+01 1.042754e+02 1.379598e+03
1.042754e+02 1.091360e+02 1.551049e+03
1.091360e+02 1.142231e+02 1.660066e+03
1.142231e+02 1.195474e+02 1.811327e+03
1.195474e+02 1.251198e+02 1.935951e+03
1.251198e+02 1.309521e+02 2.065257e+03
1.309521e+02 1.370561e+02 2.144802e+03
1.370561e+02 1.434447e+02 2.238054e+03
1.434447e+02 1.501311e+02 2.330709e+03
1.501311e+02 1.571291e+02 2.386093e+03
1.571291e+02 1.644534e+02 2.455542e+03
1.644534e+02 1.721190e+02 2.553076e+03
1.721190e+02 1.801420e+02 2.589439e+03
1.801420e+02 1.885389e+02 2.578795e+03
1.885389e+02 1.973273e+02 2.644181e+03
1.973273e+02 2.065253e+02 2.659164e+03
2.065253e+02 2.161521e+02 2.626536e+03
2.161521e+02 2.262275e+02 2.602655e+03
2.262275e+02 2.367727e+02 2.597503e+03
2.367727e+02 2.478093e+02 2.529930e+03
2.478093e+02 2.593604e+02 2.511099e+03
2.593604e+02 2.714500e+02 2.461630e+03
2.714500e+02 2.841031e+02 2.408821e+03
2.841031e+02 2.973460e+02 2.357947e+03
2.973460e+02 3.112061e+02 2.287851e+03
3.112061e+02 3.257124e+02 2.249792e+03
3.257124e+02 3.408948e+02 2.140043e+03
3.408948e+02 3.567849e+02 2.033152e+03
3.567849e+02 3.734157e+02 1.990585e+03
3.734157e+02 3.908216e+02 1.921234e+03
3.908216e+02 4.090390e+02 1.821835e+03
4.090390e+02 4.281055e+02 1.765557e+03
4.281055e+02 4.480608e+02 1.667982e+03
4.480608e+02 4.689462e+02 1.598914e+03
4.689462e+02 4.908051e+02 1.540741e+03
4.908051e+02 5.136830e+02 1.748196e+03
5.136830e+02 5.376273e+02 1.302566e+03
5.376273e+02 5.626877e+02 1.228872e+03
5.626877e+02 5.889162e+02 1.165106e+03
5.889162e+02 6.163673e+02 1.119955e+03
6.163673e+02 6.450980e+02 1.065481e+03
6.450980e+02 6.751679e+02 9.853373e+02
6.751679e+02 7.066394e+02 9.539091e+02
7.066394e+02 7.395780e+02 8.947575e+02
7.395780e+02 7.740519e+02 9.253088e+02
7.740519e+02 8.101327e+02 7.671110e+02
8.101327e+02 8.478953e+02 1.117691e+03
8.478953e+02 8.874182e+02 4.995333e+02
8.874182e+02 9.287834e+02 4.740946e+02
9.287834e+02 9.720767e+02 4.626118e+02
9.720767e+02 1.017388e+03 4.382788e+02
1.017388e+03 1.064811e+03 4.704214e+02
1.064811e+03 1.114445e+03 3.840312e+02
1.114445e+03 1.166393e+03 3.782275e+02
1.166393e+03 1.220762e+03 3.696776e+02
1.220762e+03 1.277665e+03 6.748291e+02
1.277665e+03 1.337221e+03 2.154453e+02
1.337221e+03 1.399553e+03 2.379845e+02
1.399553e+03 1.464790e+03 2.020931e+02
1.464790e+03 1.533068e+03 1.947621e+02
1.533068e+03 1.604529e+03 2.985693e+02
1.604529e+03 1.679321e+03 1.536265e+02
1.679321e+03 1.757599e+03 1.504636e+02
1.757599e+03 1.839526e+03 2.911622e+02
1.839526e+03 1.925272e+03 1.103029e+02
1.925272e+03 2.015014e+03 1.166671e+02
2.015014e+03 2.108940e+03 2.177891e+02
2.108940e+03 2.207244e+03 8.307913e+01
2.207244e+03 2.310130e+03 8.151733e+01
2.310130e+03 2.417812e+03 7.374497e+01
2.417812e+03 2.530513e+03 7.051383e+01
2.530513e+03 2.648468e+03 3.375620e+02
2.648468e+03 2.771920e+03 3.178542e+01
2.771920e+03 2.901128e+03 3.113600e+01
2.901128e+03 3.036358e+03 4.916066e+01
3.036358e+03 3.177891e+03 2.863632e+01
3.177891e+03 3.326022e+03 2.580287e+02
3.326022e+03 3.481058e+03 2.014376e+01
3.481058e+03 3.643320e+03 4.757728e+00
3.643320e+03 3.813146e+03 0.000000e+00
3.813146e+03 3.990888e+03 0.000000e+00
3.990888e+03 4.176915e+03 0.000000e+00
4.176915e+03 4.371613e+03 0.000000e+00
4.371613e+03 4.575387e+03 0.000000e+00
4.575387e+03 4.788659e+03 0.000000e+00
4.788659e+03 5.011872e+03 0.000000e+00
