3.5330E+07 1.2500E+06 5.0830E+02 0.0000E+00 2.6359E-11 2.4777E-15 0.0000E+00 3.1140E-15 0.0000E+00 2.3745E-14 7.0528E-09 4.9524E-08 2.4915E-08 1.2448E-10 0.0000E+00 1.9083E-01 1.7147E-01 5.9183E-11 0.0000E+00 2.0666E-14 5.3058E-06 1.1741E-02 0.0000E+00 0.0000E+00 4.0004E-01 0.0000E+00 8.3008E-15 1.5253E-11 1.3982E-09 1.7903E-12 1.1175E-15 0.0000E+00
7.8660E+07 2.5770E+06 5.0830E+02 0.0000E+00 7.5169E-11 3.6558E-15 0.0000E+00 7.1459E-15 0.0000E+00 9.5378E-15 4.2517E-09 4.2669E-08 3.0166E-08 2.6432E-10 0.0000E+00 1.5281E-01 3.2424E-01 4.3341E-10 0.0000E+00 2.4799E-13 1.9355E-05 1.4472E-02 0.0000E+00 0.0000E+00 3.1655E-01 0.0000E+00 5.6077E-15 1.6899E-11 8.2937E-10 4.2485E-12 3.3199E-15 0.0000E+00
4.2210E+08 1.3780E+07 4.7530E+02 0.0000E+00 4.7670E-11 3.3332E-15 0.0000E+00 5.4409E-15 0.0000E+00 1.5167E-14 5.6853E-09 4.8969E-08 2.9931E-08 2.0724E-10 0.0000E+00 1.6834E-01 2.5826E-01 1.9506E-10 0.0000E+00 9.0060E-14 1.1767E-05 1.3610E-02 0.0000E+00 0.0000E+00 3.5357E-01 0.0000E+00 7.2673E-15 1.7630E-11 1.0940E-09 3.1942E-12 2.2204E-15 0.0000E+00
6.2200E+08 2.6130E+07 4.2730E+02 0.0000E+00 5.3195E-11 3.4336E-15 0.0000E+00 5.8860E-15 0.0000E+00 1.3458E-14 5.2898E-09 4.7446E-08 3.0152E-08 2.2221E-10 0.0000E+00 1.6418E-01 2.7545E-01 2.4457E-10 0.0000E+00 1.1955E-13 1.3485E-05 1.3876E-02 0.0000E+00 0.0000E+00 3.4406E-01 0.0000E+00 6.8154E-15 1.7528E-11 1.0203E-09 3.4654E-12 2.4893E-15 0.0000E+00
8.7430E+08 3.8460E+07 4.3810E+02 0.0000E+00 6.0666E-11 3.5359E-15 0.0000E+00 6.3563E-15 0.0000E+00 1.2021E-14 4.9350E-09 4.6059E-08 3.0368E-08 2.3768E-10 0.0000E+00 1.6009E-01 2.9293E-01 2.9969E-10 0.0000E+00 1.5540E-13 1.5405E-05 1.4121E-02 0.0000E+00 0.0000E+00 3.3418E-01 0.0000E+00 6.4270E-15 1.7465E-11 9.5372E-10 3.7532E-12 2.7677E-15 0.0000E+00
1.0650E+09 4.9270E+07 4.0440E+02 0.0000E+00 5.1673E-11 3.4283E-15 0.0000E+00 5.7704E-15 0.0000E+00 1.4221E-14 5.4685E-09 4.8308E-08 3.0243E-08 2.1805E-10 0.0000E+00 1.6571E-01 2.6938E-01 2.2665E-10 0.0000E+00 1.0990E-13 1.2885E-05 1.3806E-02 0.0000E+00 0.0000E+00 3.4724E-01 0.0000E+00 7.0627E-15 1.7718E-11 1.0532E-09 3.3885E-12 2.4110E-15 0.0000E+00
1.4450E+09 6.3530E+07 4.1490E+02 0.0000E+00 3.1786E-10 4.7981E-15 0.0000E+00 1.6076E-14 0.0000E+00 1.2199E-15 9.7651E-10 1.7019E-08 2.0460E-08 4.2451E-10 0.0000E+00 1.0540E-01 5.3755E-01 4.6068E-09 0.0000E+00 5.3692E-12 8.0231E-05 1.4185E-02 0.0000E+00 0.0000E+00 1.9288E-01 0.0000E+00 1.3160E-15 9.0384E-12 2.2736E-10 7.4278E-12 9.6945E-15 0.0000E+00
1.7360E+09 7.9390E+07 3.9230E+02 0.0000E+00 3.0087E-10 4.7764E-15 0.0000E+00 1.6093E-14 0.0000E+00 1.2694E-15 1.0058E-09 1.7518E-08 2.1105E-08 4.4275E-10 0.0000E+00 1.0518E-01 5.4116E-01 4.8117E-09 0.0000E+00 5.6361E-12 8.2394E-05 1.4126E-02 0.0000E+00 0.0000E+00 1.8964E-01 0.0000E+00 1.3765E-15 9.4545E-12 2.3142E-10 7.8071E-12 1.0225E-14 0.0000E+00
2.2070E+09 1.0100E+08 3.8510E+02 0.0000E+00 5.2993E-10 6.0480E-15 0.0000E+00 2.3600E-14 0.0000E+00 0.0000E+00 5.4259E-10 1.1479E-08 1.6700E-08 4.6543E-10 0.0000E+00 9.1815E-02 5.9669E-01 9.5541E-09 0.0000E+00 1.4258E-11 1.2240E-04 1.3184E-02 0.0000E+00 0.0000E+00 1.5770E-01 0.0000E+00 0.0000E+00 6.7246E-12 1.3788E-10 8.4245E-12 1.3224E-14 0.0000E+00
2.8170E+09 1.2300E+08 3.6360E+02 0.0000E+00 3.3809E-09 2.3961E-14 0.0000E+00 1.2207E-13 0.0000E+00 2.1637E-15 9.2729E-10 1.1672E-08 4.6069E-08 8.5761E-09 4.5415E-12 3.5164E-02 7.6238E-01 1.9530E-05 0.0000E+00 1.1414E-06 5.9273E-03 9.0258E-04 0.0000E+00 0.0000E+00 4.6861E-02 0.0000E+00 0.0000E+00 3.8643E-11 1.9583E-10 8.9545E-10 6.8780E-13 0.0000E+00
3.3130E+09 1.5860E+08 3.4370E+02 0.0000E+00 5.7625E-09 8.7923E-14 0.0000E+00 2.5522E-13 0.0000E+00 5.4773E-15 4.0081E-09 2.1244E-08 6.3209E-08 7.9918E-08 2.1661E-10 1.0194E-02 4.9137E-01 2.5240E-04 1.5081E-05 1.0255E-04 1.8461E-02 1.2258E-04 0.0000E+00 0.0000E+00 3.4858E-01 0.0000E+00 0.0000E+00 6.0811E-11 5.2259E-10 4.3905E-09 1.2856E-12 0.0000E+00
3.6280E+09 1.7230E+08 3.2290E+02 0.0000E+00 9.4073E-09 1.6594E-13 0.0000E+00 3.5051E-13 1.2103E-15 2.8866E-15 2.7480E-09 1.6441E-08 4.5709E-08 1.1032E-07 4.0849E-10 5.5173E-03 3.5199E-01 3.9366E-04 5.1895E-05 2.6612E-04 2.0341E-02 6.1356E-05 0.0000E+00 0.0000E+00 5.0909E-01 0.0000E+00 0.0000E+00 3.6212E-11 3.6351E-10 3.8404E-09 9.7571E-13 0.0000E+00
3.9270E+09 1.9250E+08 3.0220E+02 0.0000E+00 1.2329E-08 2.3127E-13 0.0000E+00 4.2682E-13 1.7797E-15 2.2207E-15 2.2425E-09 1.4574E-08 3.9510E-08 1.2988E-07 5.5333E-10 3.8912E-03 2.7991E-01 4.7210E-04 9.4752E-05 4.1657E-04 2.0255E-02 4.0408E-05 0.0000E+00 0.0000E+00 5.9660E-01 0.0000E+00 0.0000E+00 2.7871E-11 2.9681E-10 3.4900E-09 8.1597E-13 0.0000E+00
4.1160E+09 2.0130E+08 2.9680E+02 0.0000E+00 1.4700E-08 2.9017E-13 0.0000E+00 4.9255E-13 2.3303E-15 2.0555E-15 2.0868E-09 1.4416E-08 3.8049E-08 1.5725E-07 7.3651E-10 2.9020E-03 2.2367E-01 5.3634E-04 1.5439E-04 5.9191E-04 1.9543E-02 2.7372E-05 0.0000E+00 0.0000E+00 6.6815E-01 0.0000E+00 0.0000E+00 2.4329E-11 2.6774E-10 3.3824E-09 7.2202E-13 0.0000E+00
4.3180E+09 2.1450E+08 2.8270E+02 0.0000E+00 1.6750E-08 3.5452E-13 0.0000E+00 5.6376E-13 2.9274E-15 2.0764E-15 2.0861E-09 1.5318E-08 3.9356E-08 2.0258E-07 1.0328E-09 2.1023E-03 1.6874E-01 6.0162E-04 2.6001E-04 8.5025E-04 1.8160E-02 1.7011E-05 0.0000E+00 0.0000E+00 7.4082E-01 0.0000E+00 0.0000E+00 2.2348E-11 2.5179E-10 3.3858E-09 6.3832E-13 0.0000E+00
4.5030E+09 2.2080E+08 2.7550E+02 0.0000E+00 1.9224E-08 4.2456E-13 0.0000E+00 6.4752E-13 3.7540E-15 2.3671E-15 2.3951E-09 1.8729E-08 4.6745E-08 3.0083E-07 1.6667E-09 1.4287E-03 1.1217E-01 6.7816E-04 4.9470E-04 1.3059E-03 1.5823E-02 8.7381E-06 0.0000E+00 0.0000E+00 8.1942E-01 0.0000E+00 0.0000E+00 2.2515E-11 2.5671E-10 3.6259E-09 5.6628E-13 0.0000E+00
4.6870E+09 2.3390E+08 2.6410E+02 0.0000E+00 2.0648E-08 4.5420E-13 0.0000E+00 6.8368E-13 4.1660E-15 2.4913E-15 2.5107E-09 2.0097E-08 4.9998E-08 3.4335E-07 1.9576E-09 1.2620E-03 9.6544E-02 7.0168E-04 6.1208E-04 1.4991E-03 1.4940E-02 6.8685E-06 0.0000E+00 0.0000E+00 8.4125E-01 0.0000E+00 0.0000E+00 2.2757E-11 2.5918E-10 3.6954E-09 5.4032E-13 0.0000E+00
4.8680E+09 2.3940E+08 2.5490E+02 0.0000E+00 2.4160E-08 5.1588E-13 0.0000E+00 7.7936E-13 5.3700E-15 3.2161E-15 3.4575E-09 2.9593E-08 7.2782E-08 6.0359E-07 3.7330E-09 8.3658E-04 5.0887E-02 7.8960E-04 1.3860E-03 2.4943E-03 1.1400E-02 2.4886E-06 0.0000E+00 0.0000E+00 9.0563E-01 0.0000E+00 0.0000E+00 2.5333E-11 2.8679E-10 4.1186E-09 4.4616E-13 0.0000E+00
5.0470E+09 2.5220E+08 2.4720E+02 0.0000E+00 2.5280E-08 5.3880E-13 0.0000E+00 8.1872E-13 5.7920E-15 3.4634E-15 3.7653E-09 3.2910E-08 8.1283E-08 7.0343E-07 4.4704E-09 7.5721E-04 4.1418E-02 8.1704E-04 1.7640E-03 2.8853E-03 1.0397E-02 1.7995E-06 0.0000E+00 0.0000E+00 9.1892E-01 0.0000E+00 0.0000E+00 2.6053E-11 2.9273E-10 4.1576E-09 4.0982E-13 0.0000E+00
5.2100E+09 2.5820E+08 2.3960E+02 0.0000E+00 2.7360E-08 5.6266E-13 0.0000E+00 8.6521E-13 6.5027E-15 3.8180E-15 4.2174E-09 3.7966E-08 9.4497E-08 8.6082E-07 5.6819E-09 6.7111E-04 3.0501E-02 8.6329E-04 2.4892E-03 3.5439E-03 9.0495E-03 1.1235E-06 0.0000E+00 0.0000E+00 9.3480E-01 0.0000E+00 0.0000E+00 2.7128E-11 2.9961E-10 4.1347E-09 3.5725E-13 0.0000E+00
5.3750E+09 2.6930E+08 2.2950E+02 0.0000E+00 3.8125E-08 5.6669E-13 0.0000E+00 9.8558E-13 1.0036E-14 5.5755E-15 6.8853E-09 7.1313E-08 1.9158E-07 2.0101E-06 1.6051E-08 4.6679E-04 4.2354E-03 1.0667E-03 1.6094E-02 9.7748E-03 3.2688E-03 6.6006E-08 0.0000E+00 0.0000E+00 9.5891E-01 0.0000E+00 0.0000E+00 2.7765E-11 2.7274E-10 2.4466E-09 1.2198E-13 0.0000E+00
5.5900E+09 2.7610E+08 2.2480E+02 0.0000E+00 4.1472E-08 5.6929E-13 0.0000E+00 1.0262E-12 1.1056E-14 6.0758E-15 7.7122E-09 8.1827E-08 2.2376E-07 2.3825E-06 1.9572E-08 4.4284E-04 2.6533E-03 1.0440E-03 2.3414E-02 1.1688E-02 2.4930E-03 3.6526E-08 0.0000E+00 0.0000E+00 9.5343E-01 0.0000E+00 0.0000E+00 2.7935E-11 2.7179E-10 2.1444E-09 1.0368E-13 0.0000E+00
5.7980E+09 2.8980E+08 2.1610E+02 0.0000E+00 4.4826E-08 5.6902E-13 0.0000E+00 1.0807E-12 1.2449E-14 6.9626E-15 9.2334E-09 9.9767E-08 2.7649E-07 2.9783E-06 2.5094E-08 4.1586E-04 1.5500E-03 9.9585E-04 3.5868E-02 1.4195E-02 1.8243E-03 1.9732E-08 0.0000E+00 0.0000E+00 9.4164E-01 0.0000E+00 0.0000E+00 3.1154E-11 2.9333E-10 1.9813E-09 9.1826E-14 0.0000E+00
5.9980E+09 2.9810E+08 2.1120E+02 0.0000E+00 4.4655E-08 5.1845E-13 0.0000E+00 1.2042E-12 1.3453E-14 1.1059E-14 1.8193E-08 1.9514E-07 5.3805E-07 5.8315E-06 4.8228E-08 3.4689E-04 4.0443E-04 7.9795E-04 9.5984E-02 2.1896E-02 8.0468E-04 5.2388E-09 0.0000E+00 0.0000E+00 8.7838E-01 0.0000E+00 0.0000E+00 4.3829E-11 3.8345E-10 1.8666E-09 9.0472E-14 0.0000E+00
6.1940E+09 3.1020E+08 2.0580E+02 0.0000E+00 4.5768E-08 5.1800E-13 0.0000E+00 1.2496E-12 1.3966E-14 1.2141E-14 2.0444E-08 2.1919E-07 6.0456E-07 6.5623E-06 5.4101E-08 3.3462E-04 3.2316E-04 7.6367E-04 1.1183E-01 2.3389E-02 7.0027E-04 4.2456E-09 0.0000E+00 0.0000E+00 8.6147E-01 0.0000E+00 0.0000E+00 4.6884E-11 4.0742E-10 1.8801E-09 9.2463E-14 0.0000E+00
6.4390E+09 3.2020E+08 1.9830E+02 0.0000E+00 4.7195E-08 5.1874E-13 0.0000E+00 1.2892E-12 1.4612E-14 1.3068E-14 2.2378E-08 2.3981E-07 6.6116E-07 7.1830E-06 5.9076E-08 3.2593E-04 2.7409E-04 7.3934E-04 1.2482E-01 2.4507E-02 6.3253E-04 3.6497E-09 0.0000E+00 0.0000E+00 8.4763E-01 0.0000E+00 0.0000E+00 5.0404E-11 4.3311E-10 1.9180E-09 9.5013E-14 0.0000E+00
6.6760E+09 3.3310E+08 1.9150E+02 0.0000E+00 4.8063E-08 4.8320E-13 0.0000E+00 1.3776E-12 1.5310E-14 1.7254E-14 3.1642E-08 3.3751E-07 9.2896E-07 1.0183E-05 8.2495E-08 2.8519E-04 1.3429E-04 6.3340E-04 1.9348E-01 2.9335E-02 4.0296E-04 2.0098E-09 0.0000E+00 0.0000E+00 7.7505E-01 0.0000E+00 0.0000E+00 5.9501E-11 5.0271E-10 1.9689E-09 1.0722E-13 0.0000E+00
6.9060E+09 3.4750E+08 1.8640E+02 0.0000E+00 5.2599E-08 4.6453E-13 0.0000E+00 1.4537E-12 1.7121E-14 1.9241E-14 3.6246E-08 3.9199E-07 1.0954E-06 1.2274E-05 1.0015E-07 2.5030E-04 7.8579E-05 5.5740E-04 2.5945E-01 3.2765E-02 2.8771E-04 1.3050E-09 0.0000E+00 0.0000E+00 7.0610E-01 0.0000E+00 0.0000E+00 6.5727E-11 5.4816E-10 1.9729E-09 1.1495E-13 0.0000E+00
7.1310E+09 3.5530E+08 1.8060E+02 0.0000E+00 5.6549E-08 4.5622E-13 0.0000E+00 1.5198E-12 1.8553E-14 1.8847E-14 3.5753E-08 3.9847E-07 1.1446E-06 1.3238E-05 1.1060E-07 2.1835E-04 4.9725E-05 4.9264E-04 3.2038E-01 3.5177E-02 2.1313E-04 8.9849E-10 0.0000E+00 0.0000E+00 6.4307E-01 0.0000E+00 0.0000E+00 6.3473E-11 5.3906E-10 1.7706E-09 1.1463E-13 0.0000E+00
7.2810E+09 3.6920E+08 1.6960E+02 0.0000E+00 6.3090E-08 4.5640E-13 0.0000E+00 1.5711E-12 2.0629E-14 1.7002E-14 3.1512E-08 3.6515E-07 1.0874E-06 1.3073E-05 1.1302E-07 1.9230E-04 3.5249E-05 4.4654E-04 3.6966E-01 3.6731E-02 1.7069E-04 6.7677E-10 0.0000E+00 0.0000E+00 5.9242E-01 0.0000E+00 0.0000E+00 5.7002E-11 4.9781E-10 1.5748E-09 1.0889E-13 0.0000E+00
7.4310E+09 3.7320E+08 1.6770E+02 0.0000E+00 6.8866E-08 4.5970E-13 0.0000E+00 1.6037E-12 2.2260E-14 1.5175E-14 2.6844E-08 3.2307E-07 9.9549E-07 1.2419E-05 1.1099E-07 1.7270E-04 2.7373E-05 4.1378E-04 4.0611E-01 3.7687E-02 1.4479E-04 5.4822E-10 0.0000E+00 0.0000E+00 5.5514E-01 0.0000E+00 0.0000E+00 4.8951E-11 4.4405E-10 1.3832E-09 1.0094E-13 0.0000E+00
7.5770E+09 3.8410E+08 1.6170E+02 0.0000E+00 7.5108E-08 4.6381E-13 0.0000E+00 1.6322E-12 2.4160E-14 1.3626E-14 2.2341E-08 2.7970E-07 8.9349E-07 1.1570E-05 1.0712E-07 1.5553E-04 2.1882E-05 3.8606E-04 4.3870E-01 3.8386E-02 1.2526E-04 4.5744E-10 0.0000E+00 0.0000E+00 5.2195E-01 0.0000E+00 0.0000E+00 4.2277E-11 3.9511E-10 1.2153E-09 9.3549E-14 0.0000E+00
7.7200E+09 3.8920E+08 1.6040E+02 0.0000E+00 8.2697E-08 4.6906E-13 0.0000E+00 1.6495E-12 2.6335E-14 1.2199E-14 1.7608E-08 2.3105E-07 7.6988E-07 1.0423E-05 1.0064E-07 1.3886E-04 1.7628E-05 3.6051E-04 4.7006E-01 3.8970E-02 1.0910E-04 3.8497E-10 0.0000E+00 0.0000E+00 4.9010E-01 0.0000E+00 0.0000E+00 3.4841E-11 3.3836E-10 1.0415E-09 8.4763E-14 0.0000E+00
7.8650E+09 3.9840E+08 1.5470E+02 0.0000E+00 9.1120E-08 4.7732E-13 0.0000E+00 1.6696E-12 2.8678E-14 1.1185E-14 1.3385E-08 1.8499E-07 6.4607E-07 9.1751E-06 9.2694E-08 1.2336E-04 1.4356E-05 3.3706E-04 4.9907E-01 3.9410E-02 9.5698E-05 3.2609E-10 0.0000E+00 0.0000E+00 4.6074E-01 0.0000E+00 0.0000E+00 2.7662E-11 2.8150E-10 8.7252E-10 7.5197E-14 0.0000E+00
8.0090E+09 4.0380E+08 1.5000E+02 0.0000E+00 1.0081E-07 4.8645E-13 0.0000E+00 1.6752E-12 3.1108E-14 1.0533E-14 9.6535E-09 1.4165E-07 5.2189E-07 7.8316E-06 8.3441E-08 1.0841E-04 1.1679E-05 3.1446E-04 5.2735E-01 3.9765E-02 8.3797E-05 2.7622E-10 0.0000E+00 0.0000E+00 4.3218E-01 0.0000E+00 0.0000E+00 2.0976E-11 2.2566E-10 7.0910E-10 6.5234E-14 0.0000E+00
8.1550E+09 4.1350E+08 1.4340E+02 0.0000E+00 1.1233E-07 4.9950E-13 0.0000E+00 1.6804E-12 3.3933E-14 1.0350E-14 6.5780E-09 1.0330E-07 4.0479E-07 6.4665E-06 7.3095E-08 9.4251E-05 9.5769E-06 2.9372E-04 5.5367E-01 4.0042E-02 7.3866E-05 2.3566E-10 0.0000E+00 0.0000E+00 4.0565E-01 0.0000E+00 0.0000E+00 1.5139E-11 1.7364E-10 5.5936E-10 5.5187E-14 0.0000E+00
8.3010E+09 4.1950E+08 1.3990E+02 0.0000E+00 1.2605E-07 5.1542E-13 0.0000E+00 1.6752E-12 3.7087E-14 1.0616E-14 4.2267E-09 7.1748E-08 3.0122E-07 5.1634E-06 6.2476E-08 8.0947E-05 7.8465E-06 2.7384E-04 5.7904E-01 4.0236E-02 6.5200E-05 2.0124E-10 0.0000E+00 0.0000E+00 3.8016E-01 0.0000E+00 0.0000E+00 1.0389E-11 1.2826E-10 4.2753E-10 4.5562E-14 0.0000E+00
8.5220E+09 4.3010E+08 1.4010E+02 0.0000E+00 1.4368E-07 5.3635E-13 0.0000E+00 1.6635E-12 4.0934E-14 1.1396E-14 2.4119E-09 4.5124E-08 2.0661E-07 3.8656E-06 5.0804E-08 6.7221E-05 6.2559E-06 2.5245E-04 6.0648E-01 4.0350E-02 5.6578E-05 1.6852E-10 0.0000E+00 0.0000E+00 3.5267E-01 0.0000E+00 0.0000E+00 6.3993E-12 8.6736E-11 3.0425E-10 3.5714E-14 0.0000E+00
8.7390E+09 4.4190E+08 1.3820E+02 0.0000E+00 1.7455E-07 5.7575E-13 0.0000E+00 1.6342E-12 4.7051E-14 1.3284E-14 9.8165E-10 2.1444E-08 1.1271E-07 2.4216E-06 3.6266E-08 5.0892E-05 4.6419E-06 2.2654E-04 6.3952E-01 4.0502E-02 4.7123E-05 1.3374E-10 0.0000E+00 0.0000E+00 3.1956E-01 0.0000E+00 0.0000E+00 2.9412E-12 4.6302E-11 1.7817E-10 2.4271E-14 0.0000E+00
8.9540E+09 4.5200E+08 1.3170E+02 0.0000E+00 2.1904E-07 6.3469E-13 0.0000E+00 1.5848E-12 5.4874E-14 1.6431E-14 3.1163E-10 8.2997E-09 5.1954E-08 1.3281E-06 2.3410E-08 3.6394E-05 3.4021E-06 2.0159E-04 6.7032E-01 4.0574E-02 3.9128E-05 1.0539E-10 0.0000E+00 0.0000E+00 2.8875E-01 0.0000E+00 0.0000E+00 1.0855E-12 2.0745E-11 9.0935E-11 1.4888E-14 0.0000E+00
9.1720E+09 4.6630E+08 1.2430E+02 0.0000E+00 2.8257E-07 7.1719E-13 0.0000E+00 1.5179E-12 6.4693E-14 2.1214E-14 7.9933E-11 2.7020E-09 2.0817E-08 6.5303E-07 1.3911E-08 2.4894E-05 2.4982E-06 1.7909E-04 6.9720E-01 4.0611E-02 3.2704E-05 8.3531E-11 0.0000E+00 0.0000E+00 2.6190E-01 0.0000E+00 1.2206E-15 3.3235E-13 8.0140E-12 4.1620E-11 8.4090E-15 0.0000E+00
9.3080E+09 4.7230E+08 1.1730E+02 0.0000E+00 3.6298E-07 8.1960E-13 0.0000E+00 1.4411E-12 7.5153E-14 2.7440E-14 1.8885E-11 8.2593E-10 7.9464E-09 3.0917E-07 8.0332E-09 1.6871E-05 1.8809E-06 1.6021E-04 7.1848E-01 4.0587E-02 2.7854E-05 6.7616E-11 0.0000E+00 0.0000E+00 2.4068E-01 0.0000E+00 1.8487E-15 9.3959E-14 2.9203E-12 1.8336E-11 4.6283E-15 0.0000E+00
9.4430E+09 4.8250E+08 1.1410E+02 0.0000E+00 4.4166E-07 9.1873E-13 0.0000E+00 1.3771E-12 8.3728E-14 3.3484E-14 5.7666E-12 3.1239E-10 3.6183E-09 1.6830E-07 5.1287E-09 1.2357E-05 1.5271E-06 1.4764E-04 7.3136E-01 4.0659E-02 2.4866E-05 5.8127E-11 0.0000E+00 0.0000E+00 2.2776E-01 0.0000E+00 2.5553E-15 3.3117E-14 1.2683E-12 9.3956E-12 2.8526E-15 0.0000E+00
9.5760E+09 4.8640E+08 1.1200E+02 0.0000E+00 5.4744E-07 1.0405E-12 0.0000E+00 1.2962E-12 9.3206E-14 4.1565E-14 1.4981E-12 1.0282E-10 1.4765E-09 8.4281E-08 3.0845E-09 8.6610E-06 1.2107E-06 1.3462E-04 7.4480E-01 4.0568E-02 2.1912E-05 4.9268E-11 0.0000E+00 0.0000E+00 2.1444E-01 0.0000E+00 3.6534E-15 1.0213E-14 4.8930E-13 4.3974E-12 1.6572E-15 0.0000E+00
9.7090E+09 4.9670E+08 1.0940E+02 0.0000E+00 6.9055E-07 1.2005E-12 0.0000E+00 1.2088E-12 1.0366E-13 5.2140E-14 3.6077E-13 2.9684E-11 5.4512E-10 3.9259E-08 1.7608E-09 5.8529E-06 9.4877E-07 1.2233E-04 7.5656E-01 4.0525E-02 1.9261E-05 4.1570E-11 0.0000E+00 0.0000E+00 2.0274E-01 0.0000E+00 5.3331E-15 3.1010E-15 1.6796E-13 1.8923E-12 0.0000E+00 0.0000E+00
9.8400E+09 5.0120E+08 1.0880E+02 0.0000E+00 8.9954E-07 1.4138E-12 0.0000E+00 1.1018E-12 1.1439E-13 6.5983E-14 1.1514E-13 7.1542E-12 1.7442E-10 1.6516E-08 9.3811E-10 3.7437E-06 7.2691E-07 1.1019E-04 7.6720E-01 4.0476E-02 1.6801E-05 3.4662E-11 0.0000E+00 0.0000E+00 1.9217E-01 0.0000E+00 8.0063E-15 1.4954E-15 4.9386E-14 7.2528E-13 0.0000E+00 0.0000E+00
9.9700E+09 5.1030E+08 1.0650E+02 0.0000E+00 1.2276E-06 1.7164E-12 0.0000E+00 9.7017E-13 1.2434E-13 8.3901E-14 9.2120E-14 1.4568E-12 4.6526E-11 6.1176E-09 4.6145E-10 2.2175E-06 5.3706E-07 9.7999E-05 7.7672E-01 4.0458E-02 1.4442E-05 2.8308E-11 0.0000E+00 0.0000E+00 1.8268E-01 0.0000E+00 1.2422E-14 1.8685E-15 1.2780E-14 2.4072E-13 0.0000E+00 0.0000E+00
1.0100E+10 5.1480E+08 1.0350E+02 0.0000E+00 1.8274E-06 2.1944E-12 0.0000E+00 7.8949E-13 1.2959E-13 1.0471E-13 1.2479E-13 3.8967E-13 9.7661E-12 1.9093E-09 2.0911E-10 1.1385E-06 3.6527E-07 8.4686E-05 7.8624E-01 4.0353E-02 1.1987E-05 2.2024E-11 0.0000E+00 0.0000E+00 1.7328E-01 0.0000E+00 1.9685E-14 3.6893E-15 4.6513E-15 6.6697E-14 0.0000E+00 0.0000E+00
1.0230E+10 5.2400E+08 9.7620E+01 0.0000E+00 3.1192E-06 3.0374E-12 0.0000E+00 5.4510E-13 1.1946E-13 1.1643E-13 1.8286E-13 3.6861E-13 2.5125E-12 6.2085E-10 1.1331E-10 4.8095E-07 2.2052E-07 7.0528E-05 7.9464E-01 4.0232E-02 9.5056E-06 1.6002E-11 0.0000E+00 0.0000E+00 1.6501E-01 0.0000E+00 2.9090E-14 8.4016E-15 6.7798E-15 2.4214E-14 0.0000E+00 0.0000E+00
1.0460E+10 5.3130E+08 9.7990E+01 0.0000E+00 1.0147E-05 5.9046E-12 0.0000E+00 1.4755E-13 5.4659E-14 6.4845E-14 1.8615E-13 5.8591E-13 2.1853E-12 2.7512E-10 1.5863E-10 8.5546E-08 7.1168E-08 4.8628E-05 8.0584E-01 3.9714E-02 5.8712E-06 8.0109E-12 0.0000E+00 0.0000E+00 1.5431E-01 0.0000E+00 2.2609E-14 1.9746E-14 2.8571E-14 4.7949E-14 0.0000E+00 0.0000E+00
1.0680E+10 5.4650E+08 9.4180E+01 0.0000E+00 3.1444E-04 7.6224E-10 0.0000E+00 1.3789E-12 1.4860E-12 2.6066E-12 1.0552E-11 4.5619E-11 2.5142E-10 7.0080E-10 2.5005E-09 6.2835E-09 3.5997E-09 1.7970E-05 8.1760E-01 3.8771E-02 1.7881E-06 6.5208E-13 0.0000E+00 0.0000E+00 1.4147E-01 0.0000E+00 6.1399E-13 1.4420E-12 6.8644E-12 2.1034E-11 1.6474E-15 0.0000E+00
1.0910E+10 5.5470E+08 9.0240E+01 0.0000E+00 8.8760E-04 1.0955E-08 0.0000E+00 1.6784E-11 2.2120E-11 4.0244E-11 1.9198E-10 7.8336E-10 4.3268E-09 1.0491E-08 3.3849E-08 5.6926E-08 3.1769E-09 1.6733E-05 8.2656E-01 3.7785E-02 1.6376E-06 5.3084E-13 0.0000E+00 0.0000E+00 1.2996E-01 2.5668E-15 7.9354E-12 2.6022E-11 1.9168E-10 6.3439E-10 6.1292E-14 0.0000E+00
1.1130E+10 5.7010E+08 8.5480E+01 0.0000E+00 1.4304E-03 3.6936E-08 0.0000E+00 5.4816E-11 7.7920E-11 1.4402E-10 7.2622E-10 3.0099E-09 1.6090E-08 3.7567E-08 1.1999E-07 1.9433E-07 2.9680E-09 1.6044E-05 8.3440E-01 3.6856E-02 1.5390E-06 4.6666E-13 0.0000E+00 0.0000E+00 1.2032E-01 6.4768E-15 2.5432E-11 9.1887E-11 8.3455E-10 2.9338E-09 3.2120E-13 0.0000E+00
1.1270E+10 5.7710E+08 8.0800E+01 0.0000E+00 1.8928E-03 7.4304E-08 0.0000E+00 1.0915E-10 1.6164E-10 3.0189E-10 1.5607E-09 6.6117E-09 3.4409E-08 7.8705E-08 2.5005E-07 3.9929E-07 2.8218E-09 1.5529E-05 8.4000E-01 3.6115E-02 1.4649E-06 4.2345E-13 0.0000E+00 0.0000E+00 1.1319E-01 1.0985E-14 4.9707E-11 1.8765E-10 1.9123E-09 6.9828E-09 8.1268E-13 0.0000E+00
1.1410E+10 5.8710E+08 7.8070E+01 0.0000E+00 2.2152E-03 1.0943E-07 0.0000E+00 1.6032E-10 2.4240E-10 4.5604E-10 2.3846E-09 1.0254E-08 5.2521E-08 1.1880E-07 3.7611E-07 5.9667E-07 2.7373E-09 1.5221E-05 8.4336E-01 3.5608E-02 1.4222E-06 3.9854E-13 0.0000E+00 0.0000E+00 1.0855E-01 1.4725E-14 7.2064E-11 2.7808E-10 3.0181E-09 1.1246E-08 1.3429E-12 0.0000E+00
1.1540E+10 5.9140E+08 7.7030E+01 0.0000E+00 2.5180E-03 1.4964E-07 0.0000E+00 2.1872E-10 3.3660E-10 6.3684E-10 3.3594E-09 1.4647E-08 7.3959E-08 1.6599E-07 5.2404E-07 8.2609E-07 2.6662E-09 1.4952E-05 8.4728E-01 3.5123E-02 1.3822E-06 3.7740E-13 0.0000E+00 0.0000E+00 1.0425E-01 1.8678E-14 9.7336E-11 3.8198E-10 4.3509E-09 1.6482E-08 2.0029E-12 0.0000E+00
1.1670E+10 6.0120E+08 7.5770E+01 0.0000E+00 2.8084E-03 1.9464E-07 0.0000E+00 2.8448E-10 4.4400E-10 8.4333E-10 4.4785E-09 1.9778E-08 9.8729E-08 2.1975E-07 6.9256E-07 1.0863E-06 2.6006E-09 1.4694E-05 8.5008E-01 3.4673E-02 1.3452E-06 3.5842E-13 0.0000E+00 0.0000E+00 1.0037E-01 2.2903E-14 1.2539E-10 4.9807E-10 5.9064E-09 2.2679E-08 2.7826E-12 0.0000E+00
1.1810E+10 6.0600E+08 7.4470E+01 0.0000E+00 3.0952E-03 2.4528E-07 0.0000E+00 3.5872E-10 5.6640E-10 1.0810E-09 5.7735E-09 2.5783E-08 1.2739E-07 2.8141E-07 8.8484E-07 1.3834E-06 2.5402E-09 1.4459E-05 8.5344E-01 3.4240E-02 1.3121E-06 3.4154E-13 0.0000E+00 0.0000E+00 9.6773E-02 2.7301E-14 1.5668E-10 6.2967E-10 7.7275E-09 2.9988E-08 3.6942E-12 0.0000E+00
1.1940E+10 6.1510E+08 7.2240E+01 0.0000E+00 3.3752E-03 3.0060E-07 0.0000E+00 4.3984E-10 7.0140E-10 1.3446E-09 7.2173E-09 3.2551E-08 1.5924E-07 3.4986E-07 1.0982E-06 1.7114E-06 2.4819E-09 1.4230E-05 8.5568E-01 3.3829E-02 1.2808E-06 3.2598E-13 0.0000E+00 0.0000E+00 9.3409E-02 3.1832E-14 1.9051E-10 7.7355E-10 9.7721E-09 3.8265E-08 4.7212E-12 0.0000E+00
1.2080E+10 6.2140E+08 6.8490E+01 0.0000E+00 3.6596E-03 3.6300E-07 0.0000E+00 5.3168E-10 8.5580E-10 1.6464E-09 8.8697E-09 4.0418E-08 1.9610E-07 4.2812E-07 1.3407E-06 2.0844E-06 2.4276E-09 1.3994E-05 8.5848E-01 3.3425E-02 1.2483E-06 3.1133E-13 0.0000E+00 0.0000E+00 9.0219E-02 3.6869E-14 2.2866E-10 9.3622E-10 1.2129E-08 4.7871E-08 5.9004E-12 0.0000E+00
1.2220E+10 6.2960E+08 6.5370E+01 0.0000E+00 3.9312E-03 4.2780E-07 0.0000E+00 6.2704E-10 1.0176E-09 1.9648E-09 1.0624E-08 4.8824E-08 2.3530E-07 5.0997E-07 1.5954E-06 2.4738E-06 2.3761E-09 1.3787E-05 8.6072E-01 3.3049E-02 1.2215E-06 2.9840E-13 0.0000E+00 0.0000E+00 8.7262E-02 4.1745E-14 2.6792E-10 1.1059E-09 1.4652E-08 5.8194E-08 7.1368E-12 0.0000E+00
1.2420E+10 6.3900E+08 6.6920E+01 0.0000E+00 4.2440E-03 5.0916E-07 0.0000E+00 7.4736E-10 1.2230E-09 2.3705E-09 1.2868E-08 5.9651E-08 2.8548E-07 6.1448E-07 1.9180E-06 2.9680E-06 2.3246E-09 1.3569E-05 8.6352E-01 3.2621E-02 1.1924E-06 2.8500E-13 0.0000E+00 0.0000E+00 8.3956E-02 4.7702E-14 3.1698E-10 1.3199E-09 1.7897E-08 7.1540E-08 8.6900E-12 0.0000E+00
1.2620E+10 6.4800E+08 6.3820E+01 0.0000E+00 4.6400E-03 6.2172E-07 0.0000E+00 9.1488E-10 1.5106E-09 2.9412E-09 1.6025E-08 7.5113E-08 3.5637E-07 7.6148E-07 2.3690E-06 3.6558E-06 2.2562E-09 1.3266E-05 8.6688E-01 3.2108E-02 1.1543E-06 2.6853E-13 0.0000E+00 0.0000E+00 8.0187E-02 5.5867E-14 3.8529E-10 1.6174E-09 2.2476E-08 9.0452E-08 1.0859E-11 0.0000E+00
1.2830E+10 6.6050E+08 6.0480E+01 0.0000E+00 5.0360E-03 7.4508E-07 0.0000E+00 1.0986E-09 1.8284E-09 3.5750E-09 1.9554E-08 9.2547E-08 4.3581E-07 9.2407E-07 2.8644E-06 4.4109E-06 2.1913E-09 1.2975E-05 8.6968E-01 3.1641E-02 1.1206E-06 2.5382E-13 0.0000E+00 0.0000E+00 7.6766E-02 6.4354E-14 4.5927E-10 1.9448E-09 2.7623E-08 1.1174E-07 1.3213E-11 0.0000E+00
1.3040E+10 6.7040E+08 5.7540E+01 0.0000E+00 5.4320E-03 8.7648E-07 0.0000E+00 1.2955E-09 2.1720E-09 4.2616E-09 2.3382E-08 1.1165E-07 5.2253E-07 1.0990E-06 3.3959E-06 5.2163E-06 2.1297E-09 1.2695E-05 8.7192E-01 3.1208E-02 1.0910E-06 2.4060E-13 0.0000E+00 0.0000E+00 7.3635E-02 7.3071E-14 5.3865E-10 2.2978E-09 3.3280E-08 1.3515E-07 1.5712E-11 0.0000E+00
1.3250E+10 6.8260E+08 5.5610E+01 0.0000E+00 5.8280E-03 1.0174E-06 0.0000E+00 1.5070E-09 2.5420E-09 5.0058E-09 2.7552E-08 1.3261E-07 6.1761E-07 1.2902E-06 3.9684E-06 6.0814E-06 2.0720E-09 1.2426E-05 8.7416E-01 3.0808E-02 1.0625E-06 2.2863E-13 0.0000E+00 0.0000E+00 7.0794E-02 8.2294E-14 6.2316E-10 2.6763E-09 3.9443E-08 1.6078E-07 1.8361E-11 0.0000E+00
1.3460E+10 6.9420E+08 5.4750E+01 0.0000E+00 6.2080E-03 1.1587E-06 0.0000E+00 1.7200E-09 2.9180E-09 5.7644E-09 3.1815E-08 1.5422E-07 7.1467E-07 1.4842E-06 4.5452E-06 6.9463E-06 2.0154E-09 1.2152E-05 8.7640E-01 3.0444E-02 1.0346E-06 2.1740E-13 0.0000E+00 0.0000E+00 6.8301E-02 9.1402E-14 7.0848E-10 3.0614E-09 4.5702E-08 1.8685E-07 2.0966E-11 0.0000E+00
1.3670E+10 7.0430E+08 5.2220E+01 0.0000E+00 6.5960E-03 1.3128E-06 0.0000E+00 1.9536E-09 3.3300E-09 6.5998E-09 3.6490E-08 1.7803E-07 8.2216E-07 1.6976E-06 5.1744E-06 7.8833E-06 1.9634E-09 1.1900E-05 8.7808E-01 3.0119E-02 1.0106E-06 2.0765E-13 0.0000E+00 0.0000E+00 6.5982E-02 1.0088E-13 8.0190E-10 3.4808E-09 5.2701E-08 2.1605E-07 2.3830E-11 0.0000E+00
1.3880E+10 7.1750E+08 4.9550E+01 0.0000E+00 6.9760E-03 1.4676E-06 0.0000E+00 2.1888E-09 3.7500E-09 7.4520E-09 4.1281E-08 2.0268E-07 9.3305E-07 1.9165E-06 5.8168E-06 8.8251E-06 1.9130E-09 1.1648E-05 8.7976E-01 2.9817E-02 9.8952E-07 1.9865E-13 0.0000E+00 0.0000E+00 6.3896E-02 1.1061E-13 8.9613E-10 3.9115E-09 5.9909E-08 2.4618E-07 2.6660E-11 0.0000E+00
1.4150E+10 7.2750E+08 4.8230E+01 0.0000E+00 7.3760E-03 1.6392E-06 0.0000E+00 2.4512E-09 4.2140E-09 8.4003E-09 4.6639E-08 2.3041E-07 1.0587E-06 2.1630E-06 6.5296E-06 9.8629E-06 1.8631E-09 1.1396E-05 8.8088E-01 2.9526E-02 9.6672E-07 1.8992E-13 0.0000E+00 0.0000E+00 6.1925E-02 1.2114E-13 9.9981E-10 4.3873E-09 6.7905E-08 2.7996E-07 2.9784E-11 0.0000E+00
1.4410E+10 7.4410E+08 4.6310E+01 0.0000E+00 7.8320E-03 1.8384E-06 0.0000E+00 2.7568E-09 4.7580E-09 9.5094E-09 5.2980E-08 2.6327E-07 1.2061E-06 2.4528E-06 7.3656E-06 1.1064E-05 1.8060E-09 1.1110E-05 8.8256E-01 2.9230E-02 9.4449E-07 1.8075E-13 0.0000E+00 0.0000E+00 5.9897E-02 1.3345E-13 1.1213E-09 4.9471E-09 7.7455E-08 3.2003E-07 3.3361E-11 0.0000E+00
1.4670E+10 7.5610E+08 4.4360E+01 0.0000E+00 8.2920E-03 2.0472E-06 0.0000E+00 3.0784E-09 5.3320E-09 1.0686E-08 5.9671E-08 2.9836E-07 1.3639E-06 2.7621E-06 8.2544E-06 1.2318E-05 1.7511E-09 1.0836E-05 8.8368E-01 2.8962E-02 9.2568E-07 1.7242E-13 0.0000E+00 0.0000E+00 5.8100E-02 1.4644E-13 1.2496E-09 5.5423E-09 8.7735E-08 3.6337E-07 3.7180E-11 0.0000E+00
1.4930E+10 7.7180E+08 4.2530E+01 0.0000E+00 8.7480E-03 2.2584E-06 0.0000E+00 3.4032E-09 5.9140E-09 1.1879E-08 6.6520E-08 3.3439E-07 1.5280E-06 3.0827E-06 9.1696E-06 1.3582E-05 1.6979E-09 1.0562E-05 8.8480E-01 2.8739E-02 9.0630E-07 1.6467E-13 0.0000E+00 0.0000E+00 5.6525E-02 1.5944E-13 1.3792E-09 6.1473E-09 9.8208E-08 4.0808E-07 4.1026E-11 0.0000E+00
1.5200E+10 7.8470E+08 4.0520E+01 0.0000E+00 9.2080E-03 2.4744E-06 0.0000E+00 3.7408E-09 6.5180E-09 1.3120E-08 7.3666E-08 3.7206E-07 1.6984E-06 3.4181E-06 1.0129E-05 1.4893E-05 1.6464E-09 1.0298E-05 8.8536E-01 2.8540E-02 8.8920E-07 1.5766E-13 0.0000E+00 0.0000E+00 5.5140E-02 1.7296E-13 1.5139E-09 6.7780E-09 1.0920E-07 4.5477E-07 4.5056E-11 0.0000E+00
1.5460E+10 8.0030E+08 3.8860E+01 0.0000E+00 9.6560E-03 2.6844E-06 0.0000E+00 4.0656E-09 7.0980E-09 1.4311E-08 8.0627E-08 4.0884E-07 1.8666E-06 3.7468E-06 1.1070E-05 1.6171E-05 1.5960E-09 1.0035E-05 8.8592E-01 2.8369E-02 8.7153E-07 1.5099E-13 0.0000E+00 0.0000E+00 5.3930E-02 1.8616E-13 1.6430E-09 7.3894E-09 1.1979E-07 5.0024E-07 4.8884E-11 0.0000E+00
1.5730E+10 8.1390E+08 3.7810E+01 1.4110E-15 1.3780E-02 7.1904E-06 0.0000E+00 1.1339E-08 2.0680E-08 4.2921E-08 2.4157E-07 1.2660E-06 5.5066E-06 1.0840E-05 3.2243E-05 4.6312E-05 1.7483E-09 1.0612E-05 8.7528E-01 2.8090E-02 9.4563E-07 1.8725E-13 0.0000E+00 0.0000E+00 5.0620E-02 3.8433E-13 4.2741E-09 1.9416E-08 3.6589E-07 1.6790E-06 1.7098E-10 0.0000E+00
1.5990E+10 8.2820E+08 3.5860E+01 1.7040E-15 1.4240E-02 7.5084E-06 0.0000E+00 1.1864E-08 2.1680E-08 4.4986E-08 2.5327E-07 1.3339E-06 5.7968E-06 1.1410E-05 3.3911E-05 4.8391E-05 1.7052E-09 1.0388E-05 8.7584E-01 2.7970E-02 9.3537E-07 1.8177E-13 0.0000E+00 0.0000E+00 4.9764E-02 3.9744E-13 4.4631E-09 2.0403E-08 3.8428E-07 1.7625E-06 1.7719E-10 0.0000E+00
1.6150E+10 8.3990E+08 3.3750E+01 2.2030E-15 1.4640E-02 7.7316E-06 0.0000E+00 1.2246E-08 2.2340E-08 4.6402E-08 2.6224E-07 1.3801E-06 6.0308E-06 1.1883E-05 3.5275E-05 5.0120E-05 1.6615E-09 1.0158E-05 8.7640E-01 2.7890E-02 9.2283E-07 1.7613E-13 0.0000E+00 0.0000E+00 4.9128E-02 4.1837E-13 4.6413E-09 2.1177E-08 3.9885E-07 1.8321E-06 1.8234E-10 0.0000E+00
1.6310E+10 8.4870E+08 3.2550E+01 2.4650E-15 1.4784E-02 7.7220E-06 0.0000E+00 1.2234E-08 2.2300E-08 4.6306E-08 2.6191E-07 1.3788E-06 6.0500E-06 1.1917E-05 3.5363E-05 5.0120E-05 1.6302E-09 1.0007E-05 8.7696E-01 2.7850E-02 9.1371E-07 1.7163E-13 0.0000E+00 0.0000E+00 4.8797E-02 4.2343E-13 4.6575E-09 2.1233E-08 3.9956E-07 1.8305E-06 1.8084E-10 0.0000E+00
1.6470E+10 8.5630E+08 3.1830E+01 2.6630E-15 1.4748E-02 7.4928E-06 0.0000E+00 1.1854E-08 2.1560E-08 4.4674E-08 2.5209E-07 1.3343E-06 5.8710E-06 1.1560E-05 3.4316E-05 4.8485E-05 1.5943E-09 9.8392E-06 8.7752E-01 2.7810E-02 9.0174E-07 1.6576E-13 0.0000E+00 0.0000E+00 4.8585E-02 4.2136E-13 4.5333E-09 2.0630E-08 3.8787E-07 1.7643E-06 1.7310E-10 0.0000E+00
1.6630E+10 8.6590E+08 3.1760E+01 2.5610E-15 1.4292E-02 6.6948E-06 0.0000E+00 1.0530E-08 1.9040E-08 3.9345E-08 2.2290E-07 1.1756E-06 5.2264E-06 1.0325E-05 3.0571E-05 4.3194E-05 1.5378E-09 9.5872E-06 8.7976E-01 2.7787E-02 8.7837E-07 1.5504E-13 0.0000E+00 0.0000E+00 4.8606E-02 3.8985E-13 4.0878E-09 1.8620E-08 3.4350E-07 1.5451E-06 1.5004E-10 0.0000E+00
1.6790E+10 8.7250E+08 3.0800E+01 1.9670E-15 1.3008E-02 5.0688E-06 0.0000E+00 7.8688E-09 1.4046E-08 2.8783E-08 1.6354E-07 8.5983E-07 3.8738E-06 7.7206E-06 2.2779E-05 3.2204E-05 1.4582E-09 9.2456E-06 8.8368E-01 2.7770E-02 8.4075E-07 1.3902E-13 0.0000E+00 0.0000E+00 4.9035E-02 3.2131E-13 3.1266E-09 1.4289E-08 2.5226E-07 1.1050E-06 1.0547E-10 0.0000E+00
1.6950E+10 8.8280E+08 2.9970E+01 0.0000E+00 1.0244E-02 2.6436E-06 0.0000E+00 4.0128E-09 6.9600E-09 1.4059E-08 8.0522E-08 4.1237E-07 1.9295E-06 3.8933E-06 1.1422E-05 1.6213E-05 1.3798E-09 8.9432E-06 8.9096E-01 2.7759E-02 7.9800E-07 1.2181E-13 0.0000E+00 0.0000E+00 5.0129E-02 1.9803E-13 1.6805E-09 7.6731E-09 1.2152E-07 5.0258E-07 4.5848E-11 0.0000E+00
1.7100E+10 8.9000E+08 2.9330E+01 0.0000E+00 5.2080E-03 4.3716E-07 0.0000E+00 6.5152E-10 1.0414E-09 2.0394E-09 1.1505E-08 5.4327E-08 2.8175E-07 5.8568E-07 1.6993E-06 2.4352E-06 1.3810E-09 8.9936E-06 9.0384E-01 2.7605E-02 7.7406E-07 1.1468E-13 0.0000E+00 0.0000E+00 5.2414E-02 5.2118E-14 3.0834E-10 1.3423E-09 1.5267E-08 5.4285E-08 4.1210E-12 0.0000E+00
1.7260E+10 8.9920E+08 2.8980E+01 0.0000E+00 1.1643E-06 3.9233E-13 0.0000E+00 2.4830E-12 1.7051E-13 6.9693E-14 1.5624E-09 5.7789E-08 4.3474E-07 1.1836E-05 2.9787E-07 2.0711E-05 9.8073E-08 5.0349E-05 9.1616E-01 2.2481E-02 3.2314E-06 2.6481E-12 0.0000E+00 0.0000E+00 6.1240E-02 0.0000E+00 4.9790E-15 8.2244E-12 2.1243E-10 8.3745E-10 6.7419E-14 0.0000E+00
1.7430E+10 9.0770E+08 2.8990E+01 0.0000E+00 2.4369E-12 7.1989E-10 0.0000E+00 5.6981E-09 4.2749E-13 8.3077E-09 1.9762E-03 3.7638E-03 2.1266E-03 5.4368E-03 5.7490E-06 7.9272E-04 6.9363E-08 4.5614E-05 8.8984E-01 1.1934E-02 1.5470E-06 1.2914E-12 0.0000E+00 0.0000E+00 8.3185E-02 0.0000E+00 5.1741E-12 3.0159E-08 1.3221E-08 7.3387E-08 1.2911E-12 0.0000E+00
1.7610E+10 9.1690E+08 2.8570E+01 0.0000E+00 2.4853E-13 4.2697E-09 0.0000E+00 2.9515E-08 1.7007E-12 3.9417E-08 7.1481E-03 1.1090E-02 5.1301E-03 1.0797E-02 9.2390E-06 1.1200E-03 6.2018E-08 4.2804E-05 8.6632E-01 1.0576E-02 1.3472E-06 1.1343E-12 0.0000E+00 0.0000E+00 8.6523E-02 0.0000E+00 2.1748E-11 9.7646E-08 3.3076E-08 1.5219E-07 2.1064E-12 0.0000E+00
1.7780E+10 9.2690E+08 2.7960E+01 0.0000E+00 6.9621E-14 1.1345E-08 0.0000E+00 7.3085E-08 3.7336E-12 9.4370E-08 1.4790E-02 2.0564E-02 8.5472E-03 1.6191E-02 1.2421E-05 1.3404E-03 5.8713E-08 4.1038E-05 8.3944E-01 9.7516E-03 1.2480E-06 1.0695E-12 0.0000E+00 0.0000E+00 8.7845E-02 2.9992E-15 4.8349E-11 1.8901E-07 5.6625E-08 2.3595E-07 2.8849E-12 0.0000E+00
1.7950E+10 9.3450E+08 2.7620E+01 0.0000E+00 2.7469E-14 2.2506E-08 0.0000E+00 1.3838E-07 6.5322E-12 1.7695E-07 2.4931E-02 3.2022E-02 1.2316E-02 2.1609E-02 1.5329E-05 1.5069E-03 5.6858E-08 3.9459E-05 8.0864E-01 9.0845E-03 1.1794E-06 1.0290E-12 0.0000E+00 0.0000E+00 8.8182E-02 1.1199E-14 8.4665E-11 3.0048E-07 8.3923E-08 3.2650E-07 3.6104E-12 0.0000E+00
1.8120E+10 9.4470E+08 2.6920E+01 0.0000E+00 1.3019E-14 3.9255E-08 0.0000E+00 2.3314E-07 1.0354E-11 2.9890E-07 3.8446E-02 4.6198E-02 1.6634E-02 2.7341E-02 1.8156E-05 1.6479E-03 5.6184E-08 3.8056E-05 7.7112E-01 8.5186E-03 1.1329E-06 1.0080E-12 0.0000E+00 0.0000E+00 8.8237E-02 3.4609E-14 1.3503E-10 4.3998E-07 1.1539E-07 4.2745E-07 4.3414E-12 0.0000E+00
1.8280E+10 9.5350E+08 2.6510E+01 0.0000E+00 7.2806E-15 6.2814E-08 1.0119E-15 3.6403E-07 1.5411E-11 4.7126E-07 5.5905E-02 6.3265E-02 2.1479E-02 3.3295E-02 2.0852E-05 1.7644E-03 5.6708E-08 3.6634E-05 7.2632E-01 7.9870E-03 1.0998E-06 9.9631E-13 0.0000E+00 0.0000E+00 8.8003E-02 8.9361E-14 1.9739E-10 6.0088E-07 1.5156E-07 5.4163E-07 5.0304E-12 0.0000E+00
1.8460E+10 9.6290E+08 2.5620E+01 0.0000E+00 4.5941E-15 9.4927E-08 1.4817E-15 5.4195E-07 2.2089E-11 7.1260E-07 7.8202E-02 8.3540E-02 2.6827E-02 3.9319E-02 2.3284E-05 1.8485E-03 5.8178E-08 3.5027E-05 6.7368E-01 7.4342E-03 1.0763E-06 9.9220E-13 0.0000E+00 0.0000E+00 8.7078E-02 2.1036E-13 2.7779E-10 7.8907E-07 1.9265E-07 6.7160E-07 5.6621E-12 0.0000E+00
1.8620E+10 9.7200E+08 2.5470E+01 0.0000E+00 3.5144E-15 1.2570E-07 1.9106E-15 7.1415E-07 2.8417E-11 9.5201E-07 9.8645E-02 1.0105E-01 3.1136E-02 4.3778E-02 2.4894E-05 1.8907E-03 6.0089E-08 3.3654E-05 6.2832E-01 7.0115E-03 1.0622E-06 9.8661E-13 0.0000E+00 0.0000E+00 8.6048E-02 3.7022E-13 3.4569E-10 9.4050E-07 2.2815E-07 7.8218E-07 6.0272E-12 0.0000E+00
1.8900E+10 9.8220E+08 2.5470E+01 0.0000E+00 2.3006E-15 1.9937E-07 2.8645E-15 1.1422E-06 4.3966E-11 1.5609E-06 1.4573E-01 1.3813E-01 3.9425E-02 5.1396E-02 2.7044E-05 1.9130E-03 6.7066E-08 3.1288E-05 5.3155E-01 6.1958E-03 1.0650E-06 1.0199E-12 0.0000E+00 0.0000E+00 8.3516E-02 9.6248E-13 4.9254E-10 1.2359E-06 2.9916E-07 1.0132E-06 6.6092E-12 0.0000E+00
1.9180E+10 9.9860E+08 2.3480E+01 0.0000E+00 1.6525E-15 2.9742E-07 4.0062E-15 1.7645E-06 6.6389E-11 2.4575E-06 2.0542E-01 1.7962E-01 4.7344E-02 5.6969E-02 2.7708E-05 1.8469E-03 8.0775E-08 2.8851E-05 4.2157E-01 5.3104E-03 1.1062E-06 1.0964E-12 0.0000E+00 0.0000E+00 7.9843E-02 2.1838E-12 6.4670E-10 1.5122E-06 3.8148E-07 1.2941E-06 6.8092E-12 0.0000E+00
1.9470E+10 1.0130E+09 2.3340E+01 0.0000E+00 1.1645E-15 4.3437E-07 5.4598E-15 2.7990E-06 1.0424E-10 3.9035E-06 2.8498E-01 2.2586E-01 5.4021E-02 5.9013E-02 2.6041E-05 1.6696E-03 1.1529E-07 2.6647E-05 2.9355E-01 4.2448E-03 1.2591E-06 1.3131E-12 0.0000E+00 0.0000E+00 7.4756E-02 4.7777E-12 7.9445E-10 1.7561E-06 5.1710E-07 1.7813E-06 6.5356E-12 0.0000E+00
1.9760E+10 1.0280E+09 2.1970E+01 0.0000E+00 0.0000E+00 5.6896E-07 6.6745E-15 4.1060E-06 1.4734E-10 5.5436E-06 3.5674E-01 2.5779E-01 5.6332E-02 5.6193E-02 2.2641E-05 1.4602E-03 1.7125E-07 2.5025E-05 1.9606E-01 3.3411E-03 1.4714E-06 1.6129E-12 0.0000E+00 0.0000E+00 7.0405E-02 8.4589E-12 8.7594E-10 1.8708E-06 6.3320E-07 2.1670E-06 5.8581E-12 0.0000E+00
2.0060E+10 1.0430E+09 2.0210E+01 0.0000E+00 0.0000E+00 7.0136E-07 7.8831E-15 5.8059E-06 1.9909E-10 7.3522E-06 4.1834E-01 2.7643E-01 5.5344E-02 5.0566E-02 1.8670E-05 1.2758E-03 2.7169E-07 2.4285E-05 1.2695E-01 2.5983E-03 1.8177E-06 2.0867E-12 0.0000E+00 0.0000E+00 6.7025E-02 1.3244E-11 9.1212E-10 1.9353E-06 7.6725E-07 2.5870E-06 5.0364E-12 0.0000E+00
2.0350E+10 1.0600E+09 1.9450E+01 0.0000E+00 0.0000E+00 8.3941E-07 9.2398E-15 8.1457E-06 2.6263E-10 9.3825E-06 4.7105E-01 2.8450E-01 5.2117E-02 4.3579E-02 1.4725E-05 1.1368E-03 4.4032E-07 2.4044E-05 7.9688E-02 1.9945E-03 2.2918E-06 2.7733E-12 0.0000E+00 0.0000E+00 6.4604E-02 1.9883E-11 9.2984E-10 1.9730E-06 8.9063E-07 2.9675E-06 4.2321E-12 0.0000E+00
2.0520E+10 1.0710E+09 1.7870E+01 0.0000E+00 0.0000E+00 9.1493E-07 1.0131E-14 9.6479E-06 3.0145E-10 1.0532E-05 4.9420E-01 2.8533E-01 5.0006E-02 3.9994E-02 1.2928E-05 1.0896E-03 5.6551E-07 2.4142E-05 6.2664E-02 1.7451E-03 2.5962E-06 3.2233E-12 0.0000E+00 0.0000E+00 6.3697E-02 2.4008E-11 9.4286E-10 2.0109E-06 9.8348E-07 3.1764E-06 3.8697E-12 0.0000E+00
2.0680E+10 1.0810E+09 1.7490E+01 0.0000E+00 0.0000E+00 9.7529E-07 1.0910E-14 1.1015E-05 3.3584E-10 1.1458E-05 5.1117E-01 2.8476E-01 4.8186E-02 3.7219E-02 1.1628E-05 1.0633E-03 6.9334E-07 2.4320E-05 5.1688E-02 1.5686E-03 2.8812E-06 3.6640E-12 0.0000E+00 0.0000E+00 6.3095E-02 2.7456E-11 9.4426E-10 2.0394E-06 1.0619E-06 3.3649E-06 3.6100E-12 0.0000E+00
2.0840E+10 1.0880E+09 1.7130E+01 0.0000E+00 0.0000E+00 1.0130E-06 1.1468E-14 1.1876E-05 3.5900E-10 1.2017E-05 5.2028E-01 2.8397E-01 4.7126E-02 3.5688E-02 1.0936E-05 1.0528E-03 7.8012E-07 2.4481E-05 4.6362E-02 1.4779E-03 3.0654E-06 3.9051E-12 0.0000E+00 0.0000E+00 6.2805E-02 2.9611E-11 9.6114E-10 2.0981E-06 1.1681E-06 3.5489E-06 3.4436E-12 0.0000E+00
2.1010E+10 1.0980E+09 1.6440E+01 0.0000E+00 0.0000E+00 1.0503E-06 1.1996E-14 1.2745E-05 3.7899E-10 1.2561E-05 5.2834E-01 2.8307E-01 4.6145E-02 3.4304E-02 1.0322E-05 1.0457E-03 8.6475E-07 2.4607E-05 4.1933E-02 1.3994E-03 3.2289E-06 4.1839E-12 0.0000E+00 0.0000E+00 6.2534E-02 3.2429E-11 9.7208E-10 2.0981E-06 1.1752E-06 3.5993E-06 3.3377E-12 0.0000E+00
2.1190E+10 1.1060E+09 1.6180E+01 0.0000E+00 0.0000E+00 1.0964E-06 1.2707E-14 1.3858E-05 4.0655E-10 1.3208E-05 5.3748E-01 2.8172E-01 4.4981E-02 3.2710E-02 9.6362E-06 1.0404E-03 9.8125E-07 2.4803E-05 3.7251E-02 1.3123E-03 3.4486E-06 4.5170E-12 0.0000E+00 0.0000E+00 6.2279E-02 3.5277E-11 9.8193E-10 2.1324E-06 1.2467E-06 3.7426E-06 3.1954E-12 0.0000E+00
2.1380E+10 1.1170E+09 1.5370E+01 0.0000E+00 0.0000E+00 1.1429E-06 1.3414E-14 1.4934E-05 4.3139E-10 1.3780E-05 5.4476E-01 2.8046E-01 4.3970E-02 3.1426E-02 9.0849E-06 1.0390E-03 1.0828E-06 2.4943E-05 3.3796E-02 1.2454E-03 3.6204E-06 4.7767E-12 0.0000E+00 0.0000E+00 6.2081E-02 3.8220E-11 9.8763E-10 2.1404E-06 1.2589E-06 3.7704E-06 3.0543E-12 0.0000E+00
2.1570E+10 1.1260E+09 1.5160E+01 0.0000E+00 0.0000E+00 1.2019E-06 1.4415E-14 1.6346E-05 4.6834E-10 1.4430E-05 5.5276E-01 2.7883E-01 4.2878E-02 3.0025E-02 8.5186E-06 1.0400E-03 1.2227E-06 2.5195E-05 3.0223E-02 1.1732E-03 3.8616E-06 5.1564E-12 0.0000E+00 0.0000E+00 6.1849E-02 4.2690E-11 1.0196E-09 2.1976E-06 1.3561E-06 3.9357E-06 2.9615E-12 0.0000E+00
2.1770E+10 1.1370E+09 1.4420E+01 0.0000E+00 0.0000E+00 1.2742E-06 1.5665E-14 1.8063E-05 5.1368E-10 1.5057E-05 5.5984E-01 2.7739E-01 4.1874E-02 2.8818E-02 8.0260E-06 1.0416E-03 1.3777E-06 2.5467E-05 2.7037E-02 1.1065E-03 4.1133E-06 5.5527E-12 0.0000E+00 0.0000E+00 6.1667E-02 4.7346E-11 1.0383E-09 2.2482E-06 1.4463E-06 4.0867E-06 2.8790E-12 0.0000E+00
2.1970E+10 1.1470E+09 1.3830E+01 0.0000E+00 0.0000E+00 1.3673E-06 1.7339E-14 2.0521E-05 5.7611E-10 1.5694E-05 5.6742E-01 2.7607E-01 4.0989E-02 2.7699E-02 7.5816E-06 1.0364E-03 1.6422E-06 2.5948E-05 2.3111E-02 1.0233E-03 4.5262E-06 6.2605E-12 0.0000E+00 0.0000E+00 6.1424E-02 5.4267E-11 1.0509E-09 2.2867E-06 1.5246E-06 4.3176E-06 2.8353E-12 0.0000E+00
2.2180E+10 1.1590E+09 1.3020E+01 0.0000E+00 0.0000E+00 1.4992E-06 2.0112E-14 2.4795E-05 6.9176E-10 1.6271E-05 5.7491E-01 2.7607E-01 4.0443E-02 2.6987E-02 7.2986E-06 1.0144E-03 2.3024E-06 2.7251E-05 1.7444E-02 8.9872E-04 5.5201E-06 8.2910E-12 0.0000E+00 0.0000E+00 6.1031E-02 6.5428E-11 1.0735E-09 2.4335E-06 1.8474E-06 5.1613E-06 3.1216E-12 0.0000E+00
2.2390E+10 1.1700E+09 1.2820E+01 0.0000E+00 0.0000E+00 2.6556E-06 5.2556E-14 6.9600E-05 2.0301E-09 1.6604E-05 5.8102E-01 2.7857E-01 4.0764E-02 2.7155E-02 7.3656E-06 9.7266E-04 5.4813E-06 3.1556E-05 8.6632E-03 6.6804E-04 9.3024E-06 1.9340E-11 0.0000E+00 0.0000E+00 6.0385E-02 2.0193E-10 1.4954E-09 2.9419E-06 3.0030E-06 8.4544E-06 4.8972E-12 0.0000E+00
2.2610E+10 1.1810E+09 1.2080E+01 0.0000E+00 1.3664E-15 7.9392E-06 6.4246E-13 8.6944E-04 2.4106E-08 1.7393E-05 5.8273E-01 2.8240E-01 4.1832E-02 2.8191E-02 7.8408E-06 1.0097E-03 3.4916E-05 4.0454E-05 1.9824E-03 3.6241E-04 2.8243E-05 2.0970E-10 0.0000E+00 0.0000E+00 5.9818E-02 1.7363E-09 7.2478E-09 5.9688E-06 1.0749E-05 2.8595E-05 2.4310E-11 0.0000E+00
2.2850E+10 1.1940E+09 1.1460E+01 0.0000E+00 0.0000E+00 1.1442E-05 2.6041E-12 3.3853E-03 8.7884E-08 2.0888E-05 5.7969E-01 2.8463E-01 4.3132E-02 2.8941E-02 8.1183E-06 1.0720E-03 5.0566E-04 2.0049E-05 1.3524E-04 8.3646E-05 9.3269E-05 1.1604E-08 0.0000E+00 0.0000E+00 5.6669E-02 5.0682E-09 4.4244E-08 7.3557E-05 1.1496E-04 1.9828E-04 6.4525E-10 0.0000E+00
2.3090E+10 1.2060E+09 1.1170E+01 0.0000E+00 0.0000E+00 1.2875E-05 1.3870E-11 2.2713E-02 5.6119E-07 5.4196E-05 5.7386E-01 2.8242E-01 4.5432E-02 2.7598E-02 7.6835E-06 1.1588E-03 2.4134E-03 1.2089E-05 1.1323E-05 1.7282E-05 1.5306E-04 1.5164E-07 0.0000E+00 0.0000E+00 4.1428E-02 9.4793E-09 4.4563E-07 2.7750E-04 3.6002E-04 5.4157E-04 4.9406E-09 0.0000E+00
2.3350E+10 1.2190E+09 1.0490E+01 0.0000E+00 0.0000E+00 1.2203E-05 2.0614E-11 3.4586E-02 8.7799E-07 7.3117E-05 5.6467E-01 2.8225E-01 4.7168E-02 2.7984E-02 7.8894E-06 1.1659E-03 2.8445E-03 1.0567E-05 0.0000E+00 1.2498E-05 1.5447E-04 2.1090E-07 0.0000E+00 0.0000E+00 3.6084E-02 8.9760E-09 7.1720E-07 3.3411E-04 4.3176E-04 6.4437E-04 7.0983E-09 0.0000E+00
2.3600E+10 1.2330E+09 1.0110E+01 0.0000E+00 0.0000E+00 1.1499E-05 2.7397E-11 4.6655E-02 1.2224E-06 9.1349E-05 5.5468E-01 2.8179E-01 4.8762E-02 2.8465E-02 8.1358E-06 1.1600E-03 3.0723E-03 9.4540E-06 0.0000E+00 9.8677E-06 1.5157E-04 2.5395E-07 0.0000E+00 0.0000E+00 3.1971E-02 8.1845E-09 9.9581E-07 3.7531E-04 4.8677E-04 7.2698E-04 9.1028E-09 0.0000E+00
2.3860E+10 1.2460E+09 9.7980E+00 0.0000E+00 0.0000E+00 1.0452E-05 3.8332E-11 6.6672E-02 1.8181E-06 1.1947E-04 5.3800E-01 2.8103E-01 5.1247E-02 2.9429E-02 8.6152E-06 1.1298E-03 3.2127E-03 7.9128E-06 0.0000E+00 7.1991E-06 1.4193E-04 3.0210E-07 0.0000E+00 0.0000E+00 2.6494E-02 7.2230E-09 1.4688E-06 4.2500E-04 5.5883E-04 8.4124E-04 1.2390E-08 0.0000E+00
2.4120E+10 1.2600E+09 9.4350E+00 0.0000E+00 0.0000E+00 9.5292E-06 5.0932E-11 8.9440E-02 2.5561E-06 1.4972E-04 5.1903E-01 2.7878E-01 5.3485E-02 3.0311E-02 9.1036E-06 1.0863E-03 3.1646E-03 6.6248E-06 0.0000E+00 5.3985E-06 1.2922E-04 3.3174E-07 0.0000E+00 0.0000E+00 2.1772E-02 6.3905E-09 2.0156E-06 4.6499E-04 6.2164E-04 9.4576E-04 1.5994E-08 0.0000E+00
2.4390E+10 1.2740E+09 9.2930E+00 0.0000E+00 0.0000E+00 8.1984E-06 7.4802E-11 1.3232E-01 4.0321E-06 2.0240E-04 4.8441E-01 2.7269E-01 5.6711E-02 3.1548E-02 9.8824E-06 9.8980E-04 2.8022E-03 4.7555E-06 0.0000E+00 3.3545E-06 1.0357E-04 3.4325E-07 0.0000E+00 0.0000E+00 1.5158E-02 5.5796E-09 3.0744E-06 5.1367E-04 7.0731E-04 1.0986E-03 2.2770E-08 0.0000E+00
2.4640E+10 1.2870E+09 9.2740E+00 0.0000E+00 0.0000E+00 7.0392E-06 1.0461E-10 1.8096E-01 5.8681E-06 2.5957E-04 4.4867E-01 2.6316E-01 5.8932E-02 3.2036E-02 1.0424E-05 8.8510E-04 2.2014E-03 3.1769E-06 0.0000E+00 1.9779E-06 7.4727E-05 3.1447E-07 0.0000E+00 0.0000E+00 9.7941E-03 5.2355E-09 4.3612E-06 5.4561E-04 7.7097E-04 1.2141E-03 3.0699E-08 0.0000E+00
2.4830E+10 1.2990E+09 9.1510E+00 0.0000E+00 0.0000E+00 5.9976E-06 1.4994E-10 2.4400E-01 8.4801E-06 3.3280E-04 4.0820E-01 2.4711E-01 5.9284E-02 3.0613E-02 1.0318E-05 7.4129E-04 1.3390E-03 1.6744E-06 0.0000E+00 8.8236E-07 4.1553E-05 2.3433E-07 0.0000E+00 0.0000E+00 4.9318E-03 5.5928E-09 6.2751E-06 5.8438E-04 8.2745E-04 1.2909E-03 4.1250E-08 0.0000E+00
2.5010E+10 1.3080E+09 9.3810E+00 0.0000E+00 0.0000E+00 4.6680E-06 2.4696E-10 3.3312E-01 1.1876E-05 4.5814E-04 3.7160E-01 2.1555E-01 5.2445E-02 2.2081E-02 7.2380E-06 4.1739E-04 2.9680E-04 3.3594E-07 0.0000E+00 1.2204E-07 7.6266E-06 7.3758E-08 0.0000E+00 0.0000E+00 9.8051E-04 7.0210E-09 1.0191E-05 6.7247E-04 8.4101E-04 1.1447E-03 5.0160E-08 0.0000E+00
2.5180E+10 1.3170E+09 9.6720E+00 0.0000E+00 0.0000E+00 3.0552E-06 6.2874E-10 5.0720E-01 1.7964E-05 8.7384E-04 3.0899E-01 1.4620E-01 2.8974E-02 5.5102E-03 1.5435E-06 3.7397E-05 7.7000E-06 7.2352E-09 0.0000E+00 9.2112E-10 1.2175E-07 4.4164E-09 0.0000E+00 0.0000E+00 2.3592E-05 1.4325E-08 2.8911E-05 9.8416E-04 7.1083E-04 4.9569E-04 3.9336E-08 0.0000E+00
2.5340E+10 1.3260E+09 1.0070E+01 0.0000E+00 0.0000E+00 2.5032E-06 1.4826E-09 6.2544E-01 2.3280E-05 2.3177E-02 2.3363E-01 1.0233E-01 1.1513E-02 6.9051E-04 1.5598E-07 7.5409E-06 1.5170E-07 2.0132E-10 0.0000E+00 6.6975E-12 1.4723E-09 2.1221E-10 0.0000E+00 0.0000E+00 8.7894E-07 3.3513E-08 1.0922E-03 1.5082E-03 5.2082E-04 9.7072E-05 1.0811E-08 0.0000E+00
2.5500E+10 1.3350E+09 1.0130E+01 0.0000E+00 0.0000E+00 2.5428E-06 1.7192E-09 6.3888E-01 2.5121E-05 3.5596E-02 2.0850E-01 1.0142E-01 1.0705E-02 5.8659E-04 1.3794E-07 4.2981E-06 4.1658E-08 5.8520E-11 0.0000E+00 1.4638E-12 3.6263E-10 7.1022E-11 0.0000E+00 0.0000E+00 2.7879E-07 4.6438E-08 1.9862E-03 1.8065E-03 4.2484E-04 5.6083E-05 7.5900E-09 0.0000E+00
2.5650E+10 1.3420E+09 1.0620E+01 0.0000E+00 0.0000E+00 2.6376E-06 1.8970E-09 6.4592E-01 2.6101E-05 4.4298E-02 1.9277E-01 9.9798E-02 1.1140E-02 5.8966E-04 1.4291E-07 2.5871E-06 1.5383E-08 2.2495E-11 0.0000E+00 4.3582E-13 1.1930E-10 3.0746E-11 0.0000E+00 0.0000E+00 1.1841E-07 6.0814E-08 2.8837E-03 2.1605E-03 3.2528E-04 3.5261E-05 6.1028E-09 0.0000E+00
2.5800E+10 1.3500E+09 1.0510E+01 0.0000E+00 0.0000E+00 3.0036E-06 2.1168E-09 6.5040E-01 2.6761E-05 5.0720E-02 1.8225E-01 9.7774E-02 1.1875E-02 5.9516E-04 1.4898E-07 1.6942E-06 6.6304E-09 1.0511E-11 0.0000E+00 1.6570E-13 4.7777E-11 1.5094E-11 0.0000E+00 0.0000E+00 6.1268E-08 7.3749E-08 3.6533E-03 2.4228E-03 2.6274E-04 2.5051E-05 5.4340E-09 0.0000E+00
2.5950E+10 1.3590E+09 1.0280E+01 0.0000E+00 0.0000E+00 4.7760E-06 2.3058E-09 6.5280E-01 2.7582E-05 5.4666E-02 1.7636E-01 9.6231E-02 1.2340E-02 5.8770E-04 1.6478E-07 1.2656E-06 3.6350E-09 6.1768E-12 0.0000E+00 8.6412E-14 2.5502E-11 9.0744E-12 0.0000E+00 0.0000E+00 3.8892E-08 8.8594E-08 4.2284E-03 2.5642E-03 2.3340E-04 2.0496E-05 5.3944E-09 0.0000E+00
2.6100E+10 1.3660E+09 1.0280E+01 0.0000E+00 0.0000E+00 1.1184E-05 2.4780E-09 6.5440E-01 2.9183E-05 5.7508E-02 1.7241E-01 9.4863E-02 1.2579E-02 5.6991E-04 2.0473E-07 9.8690E-07 2.1812E-09 3.9592E-12 0.0000E+00 5.1876E-14 1.5493E-11 5.9622E-12 0.0000E+00 0.0000E+00 2.6210E-08 1.4295E-07 4.8064E-03 2.6598E-03 2.1838E-04 1.7953E-05 6.0280E-09 0.0000E+00
2.6240E+10 1.3740E+09 9.9820E+00 0.0000E+00 0.0000E+00 3.0408E-05 2.6964E-09 6.5568E-01 3.2706E-05 6.0161E-02 1.6909E-01 9.3316E-02 1.2627E-02 5.3950E-04 2.8565E-07 7.4451E-07 1.2421E-09 2.4702E-12 0.0000E+00 3.2570E-14 9.6159E-12 3.8669E-12 0.0000E+00 1.7603E-15 1.6691E-08 4.8266E-07 5.5549E-03 2.7550E-03 2.1109E-04 1.6319E-05 7.7660E-09 0.0000E+00
2.6390E+10 1.3820E+09 9.5850E+00 0.0000E+00 0.0000E+00 9.0348E-05 3.2788E-09 6.5696E-01 4.4067E-05 6.3233E-02 1.6586E-01 9.1124E-02 1.2421E-02 4.8809E-04 4.3102E-07 4.9940E-07 5.7232E-10 1.3966E-12 0.0000E+00 2.1882E-14 6.2985E-12 2.3752E-12 0.0000E+00 1.4081E-14 8.7829E-09 2.9750E-06 6.6689E-03 2.9016E-03 2.1651E-04 1.6304E-05 1.2060E-08 0.0000E+00
2.6570E+10 1.3900E+09 9.3840E+00 0.0000E+00 0.0000E+00 1.8456E-04 4.0544E-09 6.5760E-01 6.9042E-05 6.5038E-02 1.6384E-01 8.9640E-02 1.2228E-02 4.5517E-04 5.6056E-07 3.8303E-07 3.4087E-10 1.1155E-12 0.0000E+00 2.0839E-14 6.2301E-12 2.0588E-12 0.0000E+00 7.1516E-14 5.7217E-09 9.3203E-06 7.5190E-03 3.0517E-03 2.4597E-04 2.0446E-05 1.8335E-08 0.0000E+00
2.6730E+10 1.3990E+09 8.8490E+00 0.0000E+00 0.0000E+00 2.3580E-04 4.4912E-09 6.5792E-01 8.6634E-05 6.5433E-02 1.6326E-01 8.9230E-02 1.2174E-02 4.4694E-04 6.0236E-07 3.5656E-07 2.9534E-10 1.1267E-12 0.0000E+00 2.1455E-14 6.5493E-12 2.0771E-12 0.0000E+00 1.1953E-13 5.0945E-09 1.2841E-05 7.7712E-03 3.1050E-03 2.7001E-04 2.3918E-05 2.1556E-08 0.0000E+00
2.6900E+10 1.4070E+09 8.4760E+00 0.0000E+00 0.0000E+00 3.6684E-04 4.9672E-09 6.5840E-01 1.5507E-04 6.6999E-02 1.6196E-01 8.7778E-02 1.1871E-02 4.1359E-04 6.5912E-07 2.7555E-07 1.8049E-10 1.0158E-12 0.0000E+00 1.8759E-14 5.9850E-12 1.8177E-12 0.0000E+00 2.9887E-13 3.3634E-09 2.2335E-05 8.4433E-03 3.2608E-03 3.5143E-04 3.5631E-05 2.9480E-08 0.0000E+00
2.7070E+10 1.4160E+09 8.2340E+00 0.0000E+00 0.0000E+00 5.5428E-04 5.2990E-09 6.5856E-01 3.5109E-04 6.8877E-02 1.6067E-01 8.5858E-02 1.1462E-02 3.7733E-04 6.7980E-07 2.0493E-07 1.0304E-10 9.5032E-13 0.0000E+00 1.5094E-14 4.9180E-12 1.4957E-12 0.0000E+00 5.9033E-13 2.0921E-09 3.3534E-05 9.1956E-03 3.4487E-03 5.3643E-04 5.8742E-05 4.0335E-08 0.0000E+00
2.7250E+10 1.4250E+09 7.6600E+00 0.0000E+00 0.0000E+00 8.5428E-04 5.7960E-09 6.5824E-01 1.0565E-03 7.1866E-02 1.5912E-01 8.2833E-02 1.0813E-02 3.2964E-04 6.3888E-07 1.3484E-07 4.7684E-11 7.3584E-13 0.0000E+00 9.4278E-15 3.0484E-12 9.7356E-13 0.0000E+00 9.4829E-13 1.0746E-09 4.6099E-05 1.0163E-02 3.6805E-03 9.0131E-04 9.5216E-05 5.0864E-08 0.0000E+00
2.7470E+10 1.4350E+09 7.4260E+00 0.0000E+00 1.4816E-15 1.3704E-03 7.3640E-09 6.5600E-01 3.8102E-03 7.7067E-02 1.5663E-01 7.8052E-02 9.8426E-03 2.7171E-04 5.3064E-07 7.6487E-08 1.7326E-11 3.9575E-13 0.0000E+00 4.2642E-15 1.3275E-12 4.5919E-13 0.0000E+00 1.4204E-12 4.4043E-10 6.4891E-05 1.1374E-02 3.9240E-03 1.3974E-03 1.3272E-04 5.3240E-08 2.3610E-15
2.7700E+10 1.4470E+09 6.9000E+00 0.0000E+00 3.3832E-15 1.9272E-03 1.0483E-08 6.5200E-01 8.7404E-03 8.3379E-02 1.5371E-01 7.3084E-02 8.8400E-03 2.2221E-04 4.1549E-07 4.4776E-08 6.8096E-12 1.8346E-13 0.0000E+00 1.8439E-15 5.4110E-13 1.9859E-13 0.0000E+00 2.3902E-12 1.9224E-10 8.6087E-05 1.2301E-02 4.0390E-03 1.6170E-03 1.4036E-04 4.6420E-08 5.8560E-15
2.7940E+10 1.4590E+09 6.6520E+00 0.0000E+00 8.0840E-15 2.9040E-03 1.8676E-08 6.4208E-01 2.0921E-02 9.4669E-02 1.4768E-01 6.4841E-02 7.2632E-03 1.5716E-04 2.6532E-07 1.9469E-08 1.6537E-12 5.0316E-14 0.0000E+00 0.0000E+00 1.2717E-13 5.0508E-14 0.0000E+00 6.4410E-12 5.4440E-11 1.2807E-04 1.3438E-02 4.0698E-03 1.6442E-03 1.2528E-04 3.3801E-08 1.6311E-14
2.8170E+10 1.4700E+09 6.9750E+00 0.0000E+00 2.7504E-14 4.9848E-03 4.8734E-08 6.2016E-01 5.1202E-02 1.1181E-01 1.3481E-01 5.1632E-02 5.0088E-03 8.3885E-05 1.1629E-07 4.9177E-09 1.7718E-13 5.6616E-15 0.0000E+00 0.0000E+00 1.1964E-14 5.5313E-15 0.0000E+00 2.7284E-11 7.2710E-12 2.2913E-04 1.4535E-02 3.9222E-03 1.4389E-03 8.7710E-05 1.9109E-08 4.9080E-14
2.8350E+10 1.4780E+09 8.5760E+00 0.0000E+00 4.4240E-13 1.7400E-02 1.9670E-07 5.5712E-01 1.5543E-01 1.2046E-01 1.0063E-01 2.8101E-02 1.8298E-03 1.6201E-05 1.3411E-08 1.8981E-10 2.3268E-15 0.0000E+00 0.0000E+00 0.0000E+00 0.0000E+00 0.0000E+00 0.0000E+00 3.2091E-10 8.1482E-14 8.5972E-04 1.3629E-02 3.4694E-03 9.9922E-04 3.1732E-05 5.3020E-09 3.9750E-13
2.8510E+10 1.4860E+09 9.2660E+00 0.0000E+00 1.9420E-13 4.3958E-01 6.5716E-05 5.1152E-01 3.6777E-02 5.0771E-03 1.7272E-05 2.0027E-09 1.7000E-14 0.0000E+00 0.0000E+00 0.0000E+00 0.0000E+00 0.0000E+00 0.0000E+00 0.0000E+00 0.0000E+00 0.0000E+00 0.0000E+00 7.3473E-08 0.0000E+00 6.8960E-03 8.6068E-05 2.8982E-08 4.0953E-13 0.0000E+00 0.0000E+00 4.6200E-09
2.8680E+10 1.4960E+09 8.8940E+00 0.0000E+00 0.0000E+00 4.7496E-01 0.0000E+00 5.0000E-01 2.4992E-02 0.0000E+00 0.0000E+00 0.0000E+00 0.0000E+00 0.0000E+00 0.0000E+00 0.0000E+00 0.0000E+00 0.0000E+00 0.0000E+00 0.0000E+00 0.0000E+00 0.0000E+00 0.0000E+00 0.0000E+00 0.0000E+00 0.0000E+00 0.0000E+00 0.0000E+00 0.0000E+00 0.0000E+00 0.0000E+00 0.0000E+00
2.8860E+10 1.5060E+09 8.6470E+00 0.0000E+00 0.0000E+00 4.7496E-01 0.0000E+00 5.0000E-01 2.4992E-02 0.0000E+00 0.0000E+00 0.0000E+00 0.0000E+00 0.0000E+00 0.0000E+00 0.0000E+00 0.0000E+00 0.0000E+00 0.0000E+00 0.0000E+00 0.0000E+00 0.0000E+00 0.0000E+00 0.0000E+00 0.0000E+00 0.0000E+00 0.0000E+00 0.0000E+00 0.0000E+00 0.0000E+00 0.0000E+00 0.0000E+00
2.9040E+10 1.5180E+09 8.1720E+00 0.0000E+00 0.0000E+00 4.7496E-01 0.0000E+00 5.0000E-01 2.4992E-02 0.0000E+00 0.0000E+00 0.0000E+00 0.0000E+00 0.0000E+00 0.0000E+00 0.0000E+00 0.0000E+00 0.0000E+00 0.0000E+00 0.0000E+00 0.0000E+00 0.0000E+00 0.0000E+00 0.0000E+00 0.0000E+00 0.0000E+00 0.0000E+00 0.0000E+00 0.0000E+00 0.0000E+00 0.0000E+00 0.0000E+00
2.9250E+10 1.5270E+09 7.6170E+00 0.0000E+00 0.0000E+00 4.7496E-01 0.0000E+00 5.0000E-01 2.4992E-02 0.0000E+00 0.0000E+00 0.0000E+00 0.0000E+00 0.0000E+00 0.0000E+00 0.0000E+00 0.0000E+00 0.0000E+00 0.0000E+00 0.0000E+00 0.0000E+00 0.0000E+00 0.0000E+00 0.0000E+00 0.0000E+00 0.0000E+00 0.0000E+00 0.0000E+00 0.0000E+00 0.0000E+00 0.0000E+00 0.0000E+00
2.9500E+10 1.5410E+09 6.0280E+00 0.0000E+00 0.0000E+00 4.7496E-01 0.0000E+00 5.0000E-01 2.4992E-02 0.0000E+00 0.0000E+00 0.0000E+00 0.0000E+00 0.0000E+00 0.0000E+00 0.0000E+00 0.0000E+00 0.0000E+00 0.0000E+00 0.0000E+00 0.0000E+00 0.0000E+00 0.0000E+00 0.0000E+00 0.0000E+00 0.0000E+00 0.0000E+00 0.0000E+00 0.0000E+00 0.0000E+00 0.0000E+00 0.0000E+00
2.9840E+10 1.5570E+09 4.3960E+00 0.0000E+00 0.0000E+00 4.7496E-01 0.0000E+00 5.0000E-01 2.4992E-02 0.0000E+00 0.0000E+00 0.0000E+00 0.0000E+00 0.0000E+00 0.0000E+00 0.0000E+00 0.0000E+00 0.0000E+00 0.0000E+00 0.0000E+00 0.0000E+00 0.0000E+00 0.0000E+00 0.0000E+00 0.0000E+00 0.0000E+00 0.0000E+00 0.0000E+00 0.0000E+00 0.0000E+00 0.0000E+00 0.0000E+00
3.0670E+10 1.5780E+09 1.6640E+00 0.0000E+00 0.0000E+00 4.7496E-01 0.0000E+00 5.0000E-01 2.4992E-02 0.0000E+00 0.0000E+00 0.0000E+00 0.0000E+00 0.0000E+00 0.0000E+00 0.0000E+00 0.0000E+00 0.0000E+00 0.0000E+00 0.0000E+00 0.0000E+00 0.0000E+00 0.0000E+00 0.0000E+00 0.0000E+00 0.0000E+00 0.0000E+00 0.0000E+00 0.0000E+00 0.0000E+00 0.0000E+00 0.0000E+00
3.2030E+10 1.6420E+09 9.7120E-01 0.0000E+00 0.0000E+00 4.7496E-01 0.0000E+00 5.0000E-01 2.4992E-02 0.0000E+00 0.0000E+00 0.0000E+00 0.0000E+00 0.0000E+00 0.0000E+00 0.0000E+00 0.0000E+00 0.0000E+00 0.0000E+00 0.0000E+00 0.0000E+00 0.0000E+00 0.0000E+00 0.0000E+00 0.0000E+00 0.0000E+00 0.0000E+00 0.0000E+00 0.0000E+00 0.0000E+00 0.0000E+00 0.0000E+00
3.3100E+10 1.7000E+09 5.8010E-01 0.0000E+00 0.0000E+00 4.7496E-01 0.0000E+00 5.0000E-01 2.4992E-02 0.0000E+00 0.0000E+00 0.0000E+00 0.0000E+00 0.0000E+00 0.0000E+00 0.0000E+00 0.0000E+00 0.0000E+00 0.0000E+00 0.0000E+00 0.0000E+00 0.0000E+00 0.0000E+00 0.0000E+00 0.0000E+00 0.0000E+00 0.0000E+00 0.0000E+00 0.0000E+00 0.0000E+00 0.0000E+00 0.0000E+00
3.4120E+10 1.7650E+09 5.5020E-01 0.0000E+00 0.0000E+00 4.7496E-01 0.0000E+00 5.0000E-01 2.4992E-02 0.0000E+00 0.0000E+00 0.0000E+00 0.0000E+00 0.0000E+00 0.0000E+00 0.0000E+00 0.0000E+00 0.0000E+00 0.0000E+00 0.0000E+00 0.0000E+00 0.0000E+00 0.0000E+00 0.0000E+00 0.0000E+00 0.0000E+00 0.0000E+00 0.0000E+00 0.0000E+00 0.0000E+00 0.0000E+00 0.0000E+00
3.5580E+10 1.8160E+09 3.8770E-01 0.0000E+00 0.0000E+00 4.7496E-01 0.0000E+00 5.0000E-01 2.4992E-02 0.0000E+00 0.0000E+00 0.0000E+00 0.0000E+00 0.0000E+00 0.0000E+00 0.0000E+00 0.0000E+00 0.0000E+00 0.0000E+00 0.0000E+00 0.0000E+00 0.0000E+00 0.0000E+00 0.0000E+00 0.0000E+00 0.0000E+00 0.0000E+00 0.0000E+00 0.0000E+00 0.0000E+00 0.0000E+00 0.0000E+00
3.6250E+10 1.8890E+09 3.8220E-01 0.0000E+00 0.0000E+00 4.7496E-01 0.0000E+00 5.0000E-01 2.4992E-02 0.0000E+00 0.0000E+00 0.0000E+00 0.0000E+00 0.0000E+00 0.0000E+00 0.0000E+00 0.0000E+00 0.0000E+00 0.0000E+00 0.0000E+00 0.0000E+00 0.0000E+00 0.0000E+00 0.0000E+00 0.0000E+00 0.0000E+00 0.0000E+00 0.0000E+00 0.0000E+00 0.0000E+00 0.0000E+00 0.0000E+00
3.7030E+10 1.9180E+09 3.0420E-01 0.0000E+00 0.0000E+00 4.7496E-01 0.0000E+00 5.0000E-01 2.4992E-02 0.0000E+00 0.0000E+00 0.0000E+00 0.0000E+00 0.0000E+00 0.0000E+00 0.0000E+00 0.0000E+00 0.0000E+00 0.0000E+00 0.0000E+00 0.0000E+00 0.0000E+00 0.0000E+00 0.0000E+00 0.0000E+00 0.0000E+00 0.0000E+00 0.0000E+00 0.0000E+00 0.0000E+00 0.0000E+00 0.0000E+00
3.7600E+10 1.9630E+09 2.9080E-01 0.0000E+00 0.0000E+00 4.7496E-01 0.0000E+00 5.0000E-01 2.4992E-02 0.0000E+00 0.0000E+00 0.0000E+00 0.0000E+00 0.0000E+00 0.0000E+00 0.0000E+00 0.0000E+00 0.0000E+00 0.0000E+00 0.0000E+00 0.0000E+00 0.0000E+00 0.0000E+00 0.0000E+00 0.0000E+00 0.0000E+00 0.0000E+00 0.0000E+00 0.0000E+00 0.0000E+00 0.0000E+00 0.0000E+00
3.8360E+10 1.9910E+09 2.3690E-01 0.0000E+00 0.0000E+00 4.7496E-01 0.0000E+00 5.0000E-01 2.4992E-02 0.0000E+00 0.0000E+00 0.0000E+00 0.0000E+00 0.0000E+00 0.0000E+00 0.0000E+00 0.0000E+00 0.0000E+00 0.0000E+00 0.0000E+00 0.0000E+00 0.0000E+00 0.0000E+00 0.0000E+00 0.0000E+00 0.0000E+00 0.0000E+00 0.0000E+00 0.0000E+00 0.0000E+00 0.0000E+00 0.0000E+00
3.8990E+10 2.0360E+09 2.0650E-01 0.0000E+00 0.0000E+00 4.7496E-01 0.0000E+00 5.0000E-01 2.4992E-02 0.0000E+00 0.0000E+00 0.0000E+00 0.0000E+00 0.0000E+00 0.0000E+00 0.0000E+00 0.0000E+00 0.0000E+00 0.0000E+00 0.0000E+00 0.0000E+00 0.0000E+00 0.0000E+00 0.0000E+00 0.0000E+00 0.0000E+00 0.0000E+00 0.0000E+00 0.0000E+00 0.0000E+00 0.0000E+00 0.0000E+00
3.9620E+10 2.0650E+09 1.8250E-01 0.0000E+00 0.0000E+00 4.7496E-01 0.0000E+00 5.0000E-01 2.4992E-02 0.0000E+00 0.0000E+00 0.0000E+00 0.0000E+00 0.0000E+00 0.0000E+00 0.0000E+00 0.0000E+00 0.0000E+00 0.0000E+00 0.0000E+00 0.0000E+00 0.0000E+00 0.0000E+00 0.0000E+00 0.0000E+00 0.0000E+00 0.0000E+00 0.0000E+00 0.0000E+00 0.0000E+00 0.0000E+00 0.0000E+00
4.0110E+10 2.0980E+09 1.5670E-01 0.0000E+00 0.0000E+00 4.7496E-01 0.0000E+00 5.0000E-01 2.4992E-02 0.0000E+00 0.0000E+00 0.0000E+00 0.0000E+00 0.0000E+00 0.0000E+00 0.0000E+00 0.0000E+00 0.0000E+00 0.0000E+00 0.0000E+00 0.0000E+00 0.0000E+00 0.0000E+00 0.0000E+00 0.0000E+00 0.0000E+00 0.0000E+00 0.0000E+00 0.0000E+00 0.0000E+00 0.0000E+00 0.0000E+00
4.0550E+10 2.1210E+09 1.3250E-01 0.0000E+00 0.0000E+00 4.7496E-01 0.0000E+00 5.0000E-01 2.4992E-02 0.0000E+00 0.0000E+00 0.0000E+00 0.0000E+00 0.0000E+00 0.0000E+00 0.0000E+00 0.0000E+00 0.0000E+00 0.0000E+00 0.0000E+00 0.0000E+00 0.0000E+00 0.0000E+00 0.0000E+00 0.0000E+00 0.0000E+00 0.0000E+00 0.0000E+00 0.0000E+00 0.0000E+00 0.0000E+00 0.0000E+00
4.0890E+10 2.1430E+09 1.1680E-01 0.0000E+00 0.0000E+00 4.7496E-01 0.0000E+00 5.0000E-01 2.4992E-02 0.0000E+00 0.0000E+00 0.0000E+00 0.0000E+00 0.0000E+00 0.0000E+00 0.0000E+00 0.0000E+00 0.0000E+00 0.0000E+00 0.0000E+00 0.0000E+00 0.0000E+00 0.0000E+00 0.0000E+00 0.0000E+00 0.0000E+00 0.0000E+00 0.0000E+00 0.0000E+00 0.0000E+00 0.0000E+00 0.0000E+00
4.1310E+10 2.1640E+09 1.0660E-01 0.0000E+00 0.0000E+00 4.7496E-01 0.0000E+00 5.0000E-01 2.4992E-02 0.0000E+00 0.0000E+00 0.0000E+00 0.0000E+00 0.0000E+00 0.0000E+00 0.0000E+00 0.0000E+00 0.0000E+00 0.0000E+00 0.0000E+00 0.0000E+00 0.0000E+00 0.0000E+00 0.0000E+00 0.0000E+00 0.0000E+00 0.0000E+00 0.0000E+00 0.0000E+00 0.0000E+00 0.0000E+00 0.0000E+00
4.1580E+10 2.1820E+09 8.0030E-02 0.0000E+00 0.0000E+00 4.7496E-01 0.0000E+00 5.0000E-01 2.4992E-02 0.0000E+00 0.0000E+00 0.0000E+00 0.0000E+00 0.0000E+00 0.0000E+00 0.0000E+00 0.0000E+00 0.0000E+00 0.0000E+00 0.0000E+00 0.0000E+00 0.0000E+00 0.0000E+00 0.0000E+00 0.0000E+00 0.0000E+00 0.0000E+00 0.0000E+00 0.0000E+00 0.0000E+00 0.0000E+00 0.0000E+00
4.1860E+10 2.1990E+09 7.0370E-02 0.0000E+00 3.8748E-04 4.8900E-01 0.0000E+00 4.8912E-01 2.1527E-02 0.0000E+00 0.0000E+00 0.0000E+00 0.0000E+00 0.0000E+00 0.0000E+00 0.0000E+00 0.0000E+00 0.0000E+00 0.0000E+00 0.0000E+00 0.0000E+00 0.0000E+00 0.0000E+00 0.0000E+00 0.0000E+00 0.0000E+00 0.0000E+00 0.0000E+00 0.0000E+00 0.0000E+00 0.0000E+00 0.0000E+00
4.2070E+10 2.2130E+09 5.4060E-02 0.0000E+00 1.2896E-03 4.8864E-01 0.0000E+00 4.8864E-01 2.1527E-02 0.0000E+00 0.0000E+00 0.0000E+00 0.0000E+00 0.0000E+00 0.0000E+00 0.0000E+00 0.0000E+00 0.0000E+00 0.0000E+00 0.0000E+00 0.0000E+00 0.0000E+00 0.0000E+00 0.0000E+00 0.0000E+00 0.0000E+00 0.0000E+00 0.0000E+00 0.0000E+00 0.0000E+00 0.0000E+00 0.0000E+00
4.2290E+10 2.2250E+09 3.9030E-02 0.0000E+00 3.0880E-03 4.8768E-01 0.0000E+00 4.8768E-01 2.1527E-02 0.0000E+00 0.0000E+00 0.0000E+00 0.0000E+00 0.0000E+00 0.0000E+00 0.0000E+00 0.0000E+00 0.0000E+00 0.0000E+00 0.0000E+00 0.0000E+00 0.0000E+00 0.0000E+00 0.0000E+00 0.0000E+00 0.0000E+00 0.0000E+00 0.0000E+00 0.0000E+00 0.0000E+00 0.0000E+00 0.0000E+00
4.2490E+10 2.2390E+09 3.2670E-02 0.0000E+00 6.3680E-03 4.8600E-01 0.0000E+00 4.8608E-01 2.1527E-02 0.0000E+00 0.0000E+00 0.0000E+00 0.0000E+00 0.0000E+00 0.0000E+00 0.0000E+00 0.0000E+00 0.0000E+00 0.0000E+00 0.0000E+00 0.0000E+00 0.0000E+00 0.0000E+00 0.0000E+00 0.0000E+00 0.0000E+00 0.0000E+00 0.0000E+00 0.0000E+00 0.0000E+00 0.0000E+00 0.0000E+00
4.2590E+10 2.2480E+09 2.4740E-02 0.0000E+00 1.1904E-02 4.8324E-01 0.0000E+00 4.8336E-01 2.1527E-02 0.0000E+00 0.0000E+00 0.0000E+00 0.0000E+00 0.0000E+00 0.0000E+00 0.0000E+00 0.0000E+00 0.0000E+00 0.0000E+00 0.0000E+00 0.0000E+00 0.0000E+00 0.0000E+00 0.0000E+00 0.0000E+00 0.0000E+00 0.0000E+00 0.0000E+00 0.0000E+00 0.0000E+00 0.0000E+00 0.0000E+00
4.2750E+10 2.2550E+09 1.9030E-02 0.0000E+00 1.8008E-02 4.8024E-01 0.0000E+00 4.8016E-01 2.1527E-02 0.0000E+00 0.0000E+00 0.0000E+00 0.0000E+00 0.0000E+00 0.0000E+00 0.0000E+00 0.0000E+00 0.0000E+00 0.0000E+00 0.0000E+00 0.0000E+00 0.0000E+00 0.0000E+00 0.0000E+00 0.0000E+00 0.0000E+00 0.0000E+00 0.0000E+00 0.0000E+00 0.0000E+00 0.0000E+00 0.0000E+00
4.2890E+10 2.2650E+09 1.5740E-02 0.0000E+00 3.1368E-02 4.7352E-01 0.0000E+00 4.7360E-01 2.1527E-02 0.0000E+00 0.0000E+00 0.0000E+00 0.0000E+00 0.0000E+00 0.0000E+00 0.0000E+00 0.0000E+00 0.0000E+00 0.0000E+00 0.0000E+00 0.0000E+00 0.0000E+00 0.0000E+00 0.0000E+00 0.0000E+00 0.0000E+00 0.0000E+00 0.0000E+00 0.0000E+00 0.0000E+00 0.0000E+00 0.0000E+00
4.3060E+10 2.2730E+09 9.1850E-03 0.0000E+00 5.8520E-02 4.5996E-01 0.0000E+00 4.6000E-01 2.1527E-02 0.0000E+00 0.0000E+00 0.0000E+00 0.0000E+00 0.0000E+00 0.0000E+00 0.0000E+00 0.0000E+00 0.0000E+00 0.0000E+00 0.0000E+00 0.0000E+00 0.0000E+00 0.0000E+00 0.0000E+00 0.0000E+00 0.0000E+00 0.0000E+00 0.0000E+00 0.0000E+00 0.0000E+00 0.0000E+00 0.0000E+00
4.3240E+10 2.2820E+09 5.5670E-03 0.0000E+00 1.2960E-01 4.2444E-01 0.0000E+00 4.2448E-01 2.1527E-02 0.0000E+00 0.0000E+00 0.0000E+00 0.0000E+00 0.0000E+00 0.0000E+00 0.0000E+00 0.0000E+00 0.0000E+00 0.0000E+00 0.0000E+00 0.0000E+00 0.0000E+00 0.0000E+00 0.0000E+00 0.0000E+00 0.0000E+00 0.0000E+00 0.0000E+00 0.0000E+00 0.0000E+00 0.0000E+00 0.0000E+00
4.3420E+10 2.2960E+09 4.8300E-03 0.0000E+00 3.5564E-01 3.1140E-01 0.0000E+00 3.1136E-01 2.1527E-02 0.0000E+00 0.0000E+00 0.0000E+00 0.0000E+00 0.0000E+00 0.0000E+00 0.0000E+00 0.0000E+00 0.0000E+00 0.0000E+00 0.0000E+00 0.0000E+00 0.0000E+00 0.0000E+00 0.0000E+00 0.0000E+00 0.0000E+00 0.0000E+00 0.0000E+00 0.0000E+00 0.0000E+00 0.0000E+00 0.0000E+00
4.3630E+10 2.3040E+09 2.1770E-03 0.0000E+00 8.2880E-01 7.4916E-02 0.0000E+00 7.4912E-02 2.1527E-02 0.0000E+00 0.0000E+00 0.0000E+00 0.0000E+00 0.0000E+00 0.0000E+00 0.0000E+00 0.0000E+00 0.0000E+00 0.0000E+00 0.0000E+00 0.0000E+00 0.0000E+00 0.0000E+00 0.0000E+00 0.0000E+00 0.0000E+00 0.0000E+00 0.0000E+00 0.0000E+00 0.0000E+00 0.0000E+00 0.0000E+00
4.3840E+10 2.3200E+09 1.6380E-03 0.0000E+00 9.8240E-01 4.6200E-03 0.0000E+00 4.6192E-03 8.4678E-03 0.0000E+00 0.0000E+00 0.0000E+00 0.0000E+00 0.0000E+00 0.0000E+00 0.0000E+00 0.0000E+00 0.0000E+00 0.0000E+00 0.0000E+00 0.0000E+00 0.0000E+00 0.0000E+00 0.0000E+00 0.0000E+00 0.0000E+00 0.0000E+00 0.0000E+00 0.0000E+00 0.0000E+00 0.0000E+00 0.0000E+00
4.4670E+10 2.3360E+09 3.2970E-04 0.0000E+00 9.8280E-01 9.3804E-15 1.6520E-02 0.0000E+00 5.4054E-04 0.0000E+00 0.0000E+00 0.0000E+00 0.0000E+00 0.0000E+00 0.0000E+00 0.0000E+00 0.0000E+00 0.0000E+00 0.0000E+00 0.0000E+00 0.0000E+00 0.0000E+00 0.0000E+00 0.0000E+00 0.0000E+00 0.0000E+00 0.0000E+00 0.0000E+00 0.0000E+00 0.0000E+00 0.0000E+00 0.0000E+00
4.5600E+10 2.4180E+09 2.6720E-04 0.0000E+00 9.8280E-01 0.0000E+00 1.6520E-02 0.0000E+00 5.4054E-04 0.0000E+00 0.0000E+00 0.0000E+00 0.0000E+00 0.0000E+00 0.0000E+00 0.0000E+00 0.0000E+00 0.0000E+00 0.0000E+00 0.0000E+00 0.0000E+00 0.0000E+00 0.0000E+00 0.0000E+00 0.0000E+00 0.0000E+00 0.0000E+00 0.0000E+00 0.0000E+00 0.0000E+00 0.0000E+00 0.0000E+00
